!!
!!
!!number of constraints for nodes with 6 coordinates.
210      
!!
!!
!!constraints for nodes with 6 coordinates: sort (1), nodes (2, 3), phi1 (4, 5, 6), phi2 (7, 8, 9), normal (10, 11, 12).
sphericalsupport 1    0             0.00000             0.00000             0.00000             0.00000             0.00000             0.00000             0.00000             0.00000             0.00000
sphericalsupport 2    0             0.00000             0.00000             0.00000             0.00000             0.00000             0.00000             0.00000             0.00000             0.00000
sphericalsupport 3    0             0.00000             0.00000             0.00000             0.00000             0.00000             0.00000             0.00000             0.00000             0.00000
sphericalsupport 4    0             0.00000             0.00000             0.00000             0.00000             0.00000             0.00000             0.00000             0.00000             0.00000
sphericalsupport 5    0             0.00000             0.00000             0.00000             0.00000             0.00000             0.00000             0.00000             0.00000             0.00000
sphericalsupport 111  0             0.00000             0.00000             0.00000             0.00000             0.00000             0.00000             0.00000             0.00000             0.00000
sphericalsupport 131  0             0.00000             0.00000             0.00000             0.00000             0.00000             0.00000             0.00000             0.00000             0.00000
sphericalsupport 132  0             0.00000             0.00000             0.00000             0.00000             0.00000             0.00000             0.00000             0.00000             0.00000
sphericalsupport 133  0             0.00000             0.00000             0.00000             0.00000             0.00000             0.00000             0.00000             0.00000             0.00000
sphericalsupport 134  0             0.00000             0.00000             0.00000             0.00000             0.00000             0.00000             0.00000             0.00000             0.00000
inextensiblerevolutejoint 	6	107		   	   0.00000             0.00000             0.00000             0.00000             0.00000             0.00000             0.00000             0.00000             0.00000
inextensiblerevolutejoint 	27	110		   	   0.00000             0.00000             0.00000             0.00000             0.00000             0.00000             0.00000             0.00000             0.00000
inextensiblerevolutejoint 	28	109		   	   0.00000             0.00000             0.00000             0.00000             0.00000             0.00000             0.00000             0.00000             0.00000
inextensiblerevolutejoint 	29	108		   	   0.00000             0.00000             0.00000             0.00000             0.00000             0.00000             0.00000             0.00000             0.00000
inextensiblerevolutejoint 	26	106		   	   0.00000             0.00000             0.00000             0.00000             0.00000             0.00000             0.00000             0.00000             0.00000
simplesupport	6	0	0.00	0.00	0.00	0.00	0.00	0.00	0.00	1.00	0.00
simplesupport	7	0	0.00	0.00	0.00	0.00	0.00	0.00	0.00	1.00	0.00
simplesupport	8	0	0.00	0.00	0.00	0.00	0.00	0.00	0.00	1.00	0.00
simplesupport	9	0	0.00	0.00	0.00	0.00	0.00	0.00	0.00	1.00	0.00
simplesupport	10	0	0.00	0.00	0.00	0.00	0.00	0.00	0.00	1.00	0.00
simplesupport	11	0	0.00	0.00	0.00	0.00	0.00	0.00	0.00	1.00	0.00
simplesupport	12	0	0.00	0.00	0.00	0.00	0.00	0.00	0.00	1.00	0.00
simplesupport	13	0	0.00	0.00	0.00	0.00	0.00	0.00	0.00	1.00	0.00
simplesupport	14	0	0.00	0.00	0.00	0.00	0.00	0.00	0.00	1.00	0.00
simplesupport	15	0	0.00	0.00	0.00	0.00	0.00	0.00	0.00	1.00	0.00
simplesupport	16	0	0.00	0.00	0.00	0.00	0.00	0.00	0.00	1.00	0.00
simplesupport	17	0	0.00	0.00	0.00	0.00	0.00	0.00	0.00	1.00	0.00
simplesupport	18	0	0.00	0.00	0.00	0.00	0.00	0.00	0.00	1.00	0.00
simplesupport	19	0	0.00	0.00	0.00	0.00	0.00	0.00	0.00	1.00	0.00
simplesupport	20	0	0.00	0.00	0.00	0.00	0.00	0.00	0.00	1.00	0.00
simplesupport	21	0	0.00	0.00	0.00	0.00	0.00	0.00	0.00	1.00	0.00
simplesupport	22	0	0.00	0.00	0.00	0.00	0.00	0.00	0.00	1.00	0.00
simplesupport	23	0	0.00	0.00	0.00	0.00	0.00	0.00	0.00	1.00	0.00
simplesupport	24	0	0.00	0.00	0.00	0.00	0.00	0.00	0.00	1.00	0.00
simplesupport	25	0	0.00	0.00	0.00	0.00	0.00	0.00	0.00	1.00	0.00
simplesupport	26	0	0.00	0.00	0.00	0.00	0.00	0.00	0.00	1.00	0.00
simplesupport	27	0	0.00	0.00	0.00	0.00	0.00	0.00	0.00	1.00	0.00
simplesupport	28	0	0.00	0.00	0.00	0.00	0.00	0.00	0.00	1.00	0.00
simplesupport	29	0	0.00	0.00	0.00	0.00	0.00	0.00	0.00	1.00	0.00
simplesupport	30	0	0.00	0.00	0.00	0.00	0.00	0.00	0.00	1.00	0.00
simplesupport	31	0	0.00	0.00	0.00	0.00	0.00	0.00	0.00	1.00	0.00
simplesupport	32	0	0.00	0.00	0.00	0.00	0.00	0.00	0.00	1.00	0.00
simplesupport	33	0	0.00	0.00	0.00	0.00	0.00	0.00	0.00	1.00	0.00
simplesupport	34	0	0.00	0.00	0.00	0.00	0.00	0.00	0.00	1.00	0.00
simplesupport	35	0	0.00	0.00	0.00	0.00	0.00	0.00	0.00	1.00	0.00
simplesupport	36	0	0.00	0.00	0.00	0.00	0.00	0.00	0.00	1.00	0.00
simplesupport	37	0	0.00	0.00	0.00	0.00	0.00	0.00	0.00	1.00	0.00
simplesupport	38	0	0.00	0.00	0.00	0.00	0.00	0.00	0.00	1.00	0.00
simplesupport	39	0	0.00	0.00	0.00	0.00	0.00	0.00	0.00	1.00	0.00
simplesupport	40	0	0.00	0.00	0.00	0.00	0.00	0.00	0.00	1.00	0.00
simplesupport	41	0	0.00	0.00	0.00	0.00	0.00	0.00	0.00	1.00	0.00
simplesupport	42	0	0.00	0.00	0.00	0.00	0.00	0.00	0.00	1.00	0.00
simplesupport	43	0	0.00	0.00	0.00	0.00	0.00	0.00	0.00	1.00	0.00
simplesupport	44	0	0.00	0.00	0.00	0.00	0.00	0.00	0.00	1.00	0.00
simplesupport	45	0	0.00	0.00	0.00	0.00	0.00	0.00	0.00	1.00	0.00
simplesupport	46	0	0.00	0.00	0.00	0.00	0.00	0.00	0.00	1.00	0.00
simplesupport	47	0	0.00	0.00	0.00	0.00	0.00	0.00	0.00	1.00	0.00
simplesupport	48	0	0.00	0.00	0.00	0.00	0.00	0.00	0.00	1.00	0.00
simplesupport	49	0	0.00	0.00	0.00	0.00	0.00	0.00	0.00	1.00	0.00
simplesupport	50	0	0.00	0.00	0.00	0.00	0.00	0.00	0.00	1.00	0.00
simplesupport	51	0	0.00	0.00	0.00	0.00	0.00	0.00	0.00	1.00	0.00
simplesupport	52	0	0.00	0.00	0.00	0.00	0.00	0.00	0.00	1.00	0.00
simplesupport	53	0	0.00	0.00	0.00	0.00	0.00	0.00	0.00	1.00	0.00
simplesupport	54	0	0.00	0.00	0.00	0.00	0.00	0.00	0.00	1.00	0.00
simplesupport	55	0	0.00	0.00	0.00	0.00	0.00	0.00	0.00	1.00	0.00
simplesupport	56	0	0.00	0.00	0.00	0.00	0.00	0.00	0.00	1.00	0.00
simplesupport	57	0	0.00	0.00	0.00	0.00	0.00	0.00	0.00	1.00	0.00
simplesupport	58	0	0.00	0.00	0.00	0.00	0.00	0.00	0.00	1.00	0.00
simplesupport	59	0	0.00	0.00	0.00	0.00	0.00	0.00	0.00	1.00	0.00
simplesupport	60	0	0.00	0.00	0.00	0.00	0.00	0.00	0.00	1.00	0.00
simplesupport	61	0	0.00	0.00	0.00	0.00	0.00	0.00	0.00	1.00	0.00
simplesupport	62	0	0.00	0.00	0.00	0.00	0.00	0.00	0.00	1.00	0.00
simplesupport	63	0	0.00	0.00	0.00	0.00	0.00	0.00	0.00	1.00	0.00
simplesupport	64	0	0.00	0.00	0.00	0.00	0.00	0.00	0.00	1.00	0.00
simplesupport	65	0	0.00	0.00	0.00	0.00	0.00	0.00	0.00	1.00	0.00
simplesupport	66	0	0.00	0.00	0.00	0.00	0.00	0.00	0.00	1.00	0.00
simplesupport	67	0	0.00	0.00	0.00	0.00	0.00	0.00	0.00	1.00	0.00
simplesupport	68	0	0.00	0.00	0.00	0.00	0.00	0.00	0.00	1.00	0.00
simplesupport	69	0	0.00	0.00	0.00	0.00	0.00	0.00	0.00	1.00	0.00
simplesupport	70	0	0.00	0.00	0.00	0.00	0.00	0.00	0.00	1.00	0.00
simplesupport	71	0	0.00	0.00	0.00	0.00	0.00	0.00	0.00	1.00	0.00
simplesupport	72	0	0.00	0.00	0.00	0.00	0.00	0.00	0.00	1.00	0.00
simplesupport	73	0	0.00	0.00	0.00	0.00	0.00	0.00	0.00	1.00	0.00
simplesupport	74	0	0.00	0.00	0.00	0.00	0.00	0.00	0.00	1.00	0.00
simplesupport	75	0	0.00	0.00	0.00	0.00	0.00	0.00	0.00	1.00	0.00
simplesupport	76	0	0.00	0.00	0.00	0.00	0.00	0.00	0.00	1.00	0.00
simplesupport	77	0	0.00	0.00	0.00	0.00	0.00	0.00	0.00	1.00	0.00
simplesupport	78	0	0.00	0.00	0.00	0.00	0.00	0.00	0.00	1.00	0.00
simplesupport	79	0	0.00	0.00	0.00	0.00	0.00	0.00	0.00	1.00	0.00
simplesupport	80	0	0.00	0.00	0.00	0.00	0.00	0.00	0.00	1.00	0.00
simplesupport	81	0	0.00	0.00	0.00	0.00	0.00	0.00	0.00	1.00	0.00
simplesupport	82	0	0.00	0.00	0.00	0.00	0.00	0.00	0.00	1.00	0.00
simplesupport	83	0	0.00	0.00	0.00	0.00	0.00	0.00	0.00	1.00	0.00
simplesupport	84	0	0.00	0.00	0.00	0.00	0.00	0.00	0.00	1.00	0.00
simplesupport	85	0	0.00	0.00	0.00	0.00	0.00	0.00	0.00	1.00	0.00
simplesupport	86	0	0.00	0.00	0.00	0.00	0.00	0.00	0.00	1.00	0.00
simplesupport	87	0	0.00	0.00	0.00	0.00	0.00	0.00	0.00	1.00	0.00
simplesupport	88	0	0.00	0.00	0.00	0.00	0.00	0.00	0.00	1.00	0.00
simplesupport	89	0	0.00	0.00	0.00	0.00	0.00	0.00	0.00	1.00	0.00
simplesupport	90	0	0.00	0.00	0.00	0.00	0.00	0.00	0.00	1.00	0.00
simplesupport	91	0	0.00	0.00	0.00	0.00	0.00	0.00	0.00	1.00	0.00
simplesupport	92	0	0.00	0.00	0.00	0.00	0.00	0.00	0.00	1.00	0.00
simplesupport	93	0	0.00	0.00	0.00	0.00	0.00	0.00	0.00	1.00	0.00
simplesupport	94	0	0.00	0.00	0.00	0.00	0.00	0.00	0.00	1.00	0.00
simplesupport	95	0	0.00	0.00	0.00	0.00	0.00	0.00	0.00	1.00	0.00
simplesupport	96	0	0.00	0.00	0.00	0.00	0.00	0.00	0.00	1.00	0.00
simplesupport	97	0	0.00	0.00	0.00	0.00	0.00	0.00	0.00	1.00	0.00
simplesupport	98	0	0.00	0.00	0.00	0.00	0.00	0.00	0.00	1.00	0.00
simplesupport	99	0	0.00	0.00	0.00	0.00	0.00	0.00	0.00	1.00	0.00
simplesupport	100	0	0.00	0.00	0.00	0.00	0.00	0.00	0.00	1.00	0.00
simplesupport	101	0	0.00	0.00	0.00	0.00	0.00	0.00	0.00	1.00	0.00
simplesupport	102	0	0.00	0.00	0.00	0.00	0.00	0.00	0.00	1.00	0.00
simplesupport	103	0	0.00	0.00	0.00	0.00	0.00	0.00	0.00	1.00	0.00
simplesupport	104	0	0.00	0.00	0.00	0.00	0.00	0.00	0.00	1.00	0.00
simplesupport	105	0	0.00	0.00	0.00	0.00	0.00	0.00	0.00	1.00	0.00
simplesupport	112	0	0.00	0.00	0.00	0.00	0.00	0.00	0.00	1.00	0.00
simplesupport	113	0	0.00	0.00	0.00	0.00	0.00	0.00	0.00	1.00	0.00
simplesupport	114	0	0.00	0.00	0.00	0.00	0.00	0.00	0.00	1.00	0.00
simplesupport	115	0	0.00	0.00	0.00	0.00	0.00	0.00	0.00	1.00	0.00
simplesupport	116	0	0.00	0.00	0.00	0.00	0.00	0.00	0.00	1.00	0.00
simplesupport	117	0	0.00	0.00	0.00	0.00	0.00	0.00	0.00	1.00	0.00
simplesupport	118	0	0.00	0.00	0.00	0.00	0.00	0.00	0.00	1.00	0.00
simplesupport	119	0	0.00	0.00	0.00	0.00	0.00	0.00	0.00	1.00	0.00
simplesupport	120	0	0.00	0.00	0.00	0.00	0.00	0.00	0.00	1.00	0.00
simplesupport	121	0	0.00	0.00	0.00	0.00	0.00	0.00	0.00	1.00	0.00
simplesupport	122	0	0.00	0.00	0.00	0.00	0.00	0.00	0.00	1.00	0.00
simplesupport	123	0	0.00	0.00	0.00	0.00	0.00	0.00	0.00	1.00	0.00
simplesupport	124	0	0.00	0.00	0.00	0.00	0.00	0.00	0.00	1.00	0.00
simplesupport	125	0	0.00	0.00	0.00	0.00	0.00	0.00	0.00	1.00	0.00
simplesupport	126	0	0.00	0.00	0.00	0.00	0.00	0.00	0.00	1.00	0.00
simplesupport	127	0	0.00	0.00	0.00	0.00	0.00	0.00	0.00	1.00	0.00
simplesupport	128	0	0.00	0.00	0.00	0.00	0.00	0.00	0.00	1.00	0.00
simplesupport	129	0	0.00	0.00	0.00	0.00	0.00	0.00	0.00	1.00	0.00
simplesupport	130	0	0.00	0.00	0.00	0.00	0.00	0.00	0.00	1.00	0.00
simplesupport	135	0	0.00	0.00	0.00	0.00	0.00	0.00	0.00	1.00	0.00
simplesupport	136	0	0.00	0.00	0.00	0.00	0.00	0.00	0.00	1.00	0.00
simplesupport	137	0	0.00	0.00	0.00	0.00	0.00	0.00	0.00	1.00	0.00
simplesupport	138	0	0.00	0.00	0.00	0.00	0.00	0.00	0.00	1.00	0.00
simplesupport	139	0	0.00	0.00	0.00	0.00	0.00	0.00	0.00	1.00	0.00
simplesupport	140	0	0.00	0.00	0.00	0.00	0.00	0.00	0.00	1.00	0.00
simplesupport	141	0	0.00	0.00	0.00	0.00	0.00	0.00	0.00	1.00	0.00
simplesupport	142	0	0.00	0.00	0.00	0.00	0.00	0.00	0.00	1.00	0.00
simplesupport	143	0	0.00	0.00	0.00	0.00	0.00	0.00	0.00	1.00	0.00
simplesupport	144	0	0.00	0.00	0.00	0.00	0.00	0.00	0.00	1.00	0.00
simplesupport	145	0	0.00	0.00	0.00	0.00	0.00	0.00	0.00	1.00	0.00
simplesupport	146	0	0.00	0.00	0.00	0.00	0.00	0.00	0.00	1.00	0.00
simplesupport	147	0	0.00	0.00	0.00	0.00	0.00	0.00	0.00	1.00	0.00
simplesupport	148	0	0.00	0.00	0.00	0.00	0.00	0.00	0.00	1.00	0.00
simplesupport	149	0	0.00	0.00	0.00	0.00	0.00	0.00	0.00	1.00	0.00
simplesupport	150	0	0.00	0.00	0.00	0.00	0.00	0.00	0.00	1.00	0.00
simplesupport	151	0	0.00	0.00	0.00	0.00	0.00	0.00	0.00	1.00	0.00
simplesupport	152	0	0.00	0.00	0.00	0.00	0.00	0.00	0.00	1.00	0.00
simplesupport	153	0	0.00	0.00	0.00	0.00	0.00	0.00	0.00	1.00	0.00
simplesupport	154	0	0.00	0.00	0.00	0.00	0.00	0.00	0.00	1.00	0.00
simplesupport	155	0	0.00	0.00	0.00	0.00	0.00	0.00	0.00	1.00	0.00
simplesupport	156	0	0.00	0.00	0.00	0.00	0.00	0.00	0.00	1.00	0.00
simplesupport	157	0	0.00	0.00	0.00	0.00	0.00	0.00	0.00	1.00	0.00
simplesupport	158	0	0.00	0.00	0.00	0.00	0.00	0.00	0.00	1.00	0.00
simplesupport	159	0	0.00	0.00	0.00	0.00	0.00	0.00	0.00	1.00	0.00
simplesupport	160	0	0.00	0.00	0.00	0.00	0.00	0.00	0.00	1.00	0.00
simplesupport	161	0	0.00	0.00	0.00	0.00	0.00	0.00	0.00	1.00	0.00
simplesupport	162	0	0.00	0.00	0.00	0.00	0.00	0.00	0.00	1.00	0.00
simplesupport	163	0	0.00	0.00	0.00	0.00	0.00	0.00	0.00	1.00	0.00
simplesupport	164	0	0.00	0.00	0.00	0.00	0.00	0.00	0.00	1.00	0.00
simplesupport	165	0	0.00	0.00	0.00	0.00	0.00	0.00	0.00	1.00	0.00
simplesupport	166	0	0.00	0.00	0.00	0.00	0.00	0.00	0.00	1.00	0.00
simplesupport	167	0	0.00	0.00	0.00	0.00	0.00	0.00	0.00	1.00	0.00
simplesupport	168	0	0.00	0.00	0.00	0.00	0.00	0.00	0.00	1.00	0.00
simplesupport	169	0	0.00	0.00	0.00	0.00	0.00	0.00	0.00	1.00	0.00
simplesupport	170	0	0.00	0.00	0.00	0.00	0.00	0.00	0.00	1.00	0.00
simplesupport	171	0	0.00	0.00	0.00	0.00	0.00	0.00	0.00	1.00	0.00
simplesupport	172	0	0.00	0.00	0.00	0.00	0.00	0.00	0.00	1.00	0.00
simplesupport	173	0	0.00	0.00	0.00	0.00	0.00	0.00	0.00	1.00	0.00
simplesupport	174	0	0.00	0.00	0.00	0.00	0.00	0.00	0.00	1.00	0.00
simplesupport	175	0	0.00	0.00	0.00	0.00	0.00	0.00	0.00	1.00	0.00
simplesupport	176	0	0.00	0.00	0.00	0.00	0.00	0.00	0.00	1.00	0.00
simplesupport	177	0	0.00	0.00	0.00	0.00	0.00	0.00	0.00	1.00	0.00
simplesupport	178	0	0.00	0.00	0.00	0.00	0.00	0.00	0.00	1.00	0.00
simplesupport	179	0	0.00	0.00	0.00	0.00	0.00	0.00	0.00	1.00	0.00
simplesupport	180	0	0.00	0.00	0.00	0.00	0.00	0.00	0.00	1.00	0.00
simplesupport	181	0	0.00	0.00	0.00	0.00	0.00	0.00	0.00	1.00	0.00
simplesupport	182	0	0.00	0.00	0.00	0.00	0.00	0.00	0.00	1.00	0.00
simplesupport	183	0	0.00	0.00	0.00	0.00	0.00	0.00	0.00	1.00	0.00
simplesupport	184	0	0.00	0.00	0.00	0.00	0.00	0.00	0.00	1.00	0.00
simplesupport	185	0	0.00	0.00	0.00	0.00	0.00	0.00	0.00	1.00	0.00
simplesupport	186	0	0.00	0.00	0.00	0.00	0.00	0.00	0.00	1.00	0.00
simplesupport	187	0	0.00	0.00	0.00	0.00	0.00	0.00	0.00	1.00	0.00
simplesupport	188	0	0.00	0.00	0.00	0.00	0.00	0.00	0.00	1.00	0.00
simplesupport	189	0	0.00	0.00	0.00	0.00	0.00	0.00	0.00	1.00	0.00
simplesupport	190	0	0.00	0.00	0.00	0.00	0.00	0.00	0.00	1.00	0.00
simplesupport	191	0	0.00	0.00	0.00	0.00	0.00	0.00	0.00	1.00	0.00
simplesupport	192	0	0.00	0.00	0.00	0.00	0.00	0.00	0.00	1.00	0.00
simplesupport	193	0	0.00	0.00	0.00	0.00	0.00	0.00	0.00	1.00	0.00
simplesupport	194	0	0.00	0.00	0.00	0.00	0.00	0.00	0.00	1.00	0.00
simplesupport	195	0	0.00	0.00	0.00	0.00	0.00	0.00	0.00	1.00	0.00
simplesupport	196	0	0.00	0.00	0.00	0.00	0.00	0.00	0.00	1.00	0.00
simplesupport	197	0	0.00	0.00	0.00	0.00	0.00	0.00	0.00	1.00	0.00
simplesupport	198	0	0.00	0.00	0.00	0.00	0.00	0.00	0.00	1.00	0.00
simplesupport	199	0	0.00	0.00	0.00	0.00	0.00	0.00	0.00	1.00	0.00
simplesupport	200	0	0.00	0.00	0.00	0.00	0.00	0.00	0.00	1.00	0.00
simplesupport	201	0	0.00	0.00	0.00	0.00	0.00	0.00	0.00	1.00	0.00
simplesupport	202	0	0.00	0.00	0.00	0.00	0.00	0.00	0.00	1.00	0.00
simplesupport	203	0	0.00	0.00	0.00	0.00	0.00	0.00	0.00	1.00	0.00
simplesupport	204	0	0.00	0.00	0.00	0.00	0.00	0.00	0.00	1.00	0.00
simplesupport	205	0	0.00	0.00	0.00	0.00	0.00	0.00	0.00	1.00	0.00
simplesupport	206	0	0.00	0.00	0.00	0.00	0.00	0.00	0.00	1.00	0.00
simplesupport	207	0	0.00	0.00	0.00	0.00	0.00	0.00	0.00	1.00	0.00
simplesupport	208	0	0.00	0.00	0.00	0.00	0.00	0.00	0.00	1.00	0.00
simplesupport	209	0	0.00	0.00	0.00	0.00	0.00	0.00	0.00	1.00	0.00
simplesupport	210	0	0.00	0.00	0.00	0.00	0.00	0.00	0.00	1.00	0.00