!!
!!
!! number of shells (1), number of material properties (2), number of material properties (3)
2 1 1
!!
!!
!!1st shell: number of nodes (1), number of elements (2).
  105        80      
!!
!!
!!1st shell: nodal phi (1, 2, 3), nodal d (4, 5, 6).
             0.00000             0.00000             0.00000             1.00000             0.00000             0.00000
             0.00000             3.00000             0.00000             1.00000             0.00000             0.00000
             0.00000             0.75000             0.00000             1.00000             0.00000             0.00000
             0.00000             1.50000             0.00000             1.00000             0.00000             0.00000
             0.00000             2.25000             0.00000             1.00000             0.00000             0.00000
             0.00000             3.00000           120.00000             1.00000             0.00000             0.00000
             0.00000             3.00000             6.00000             1.00000             0.00000             0.00000
             0.00000             3.00000            12.00000             1.00000             0.00000             0.00000
             0.00000             3.00000            18.00000             1.00000             0.00000             0.00000
             0.00000             3.00000            24.00000             1.00000             0.00000             0.00000
             0.00000             3.00000            30.00000             1.00000             0.00000             0.00000
             0.00000             3.00000            36.00000             1.00000             0.00000             0.00000
             0.00000             3.00000            42.00000             1.00000             0.00000             0.00000
             0.00000             3.00000            48.00000             1.00000             0.00000             0.00000
             0.00000             3.00000            54.00000             1.00000             0.00000             0.00000
             0.00000             3.00000            60.00000             1.00000             0.00000             0.00000
             0.00000             3.00000            66.00000             1.00000             0.00000             0.00000
             0.00000             3.00000            72.00000             1.00000             0.00000             0.00000
             0.00000             3.00000            78.00000             1.00000             0.00000             0.00000
             0.00000             3.00000            84.00000             1.00000             0.00000             0.00000
             0.00000             3.00000            90.00000             1.00000             0.00000             0.00000
             0.00000             3.00000            96.00000             1.00000             0.00000             0.00000
             0.00000             3.00000           102.00000             1.00000             0.00000             0.00000
             0.00000             3.00000           108.00000             1.00000             0.00000             0.00000
             0.00000             3.00000           114.00000             1.00000             0.00000             0.00000
             0.00000             0.00000           120.00000             1.00000             0.00000             0.00000
             0.00000             2.25000           120.00000             1.00000             0.00000             0.00000
             0.00000             1.50000           120.00000             1.00000             0.00000             0.00000
             0.00000             0.75000           120.00000             1.00000             0.00000             0.00000
             0.00000             0.00000           114.00000             1.00000             0.00000             0.00000
             0.00000             0.00000           108.00000             1.00000             0.00000             0.00000
             0.00000             0.00000           102.00000             1.00000             0.00000             0.00000
             0.00000             0.00000            96.00000             1.00000             0.00000             0.00000
             0.00000             0.00000            90.00000             1.00000             0.00000             0.00000
             0.00000             0.00000            84.00000             1.00000             0.00000             0.00000
             0.00000             0.00000            78.00000             1.00000             0.00000             0.00000
             0.00000             0.00000            72.00000             1.00000             0.00000             0.00000
             0.00000             0.00000            66.00000             1.00000             0.00000             0.00000
             0.00000             0.00000            60.00000             1.00000             0.00000             0.00000
             0.00000             0.00000            54.00000             1.00000             0.00000             0.00000
             0.00000             0.00000            48.00000             1.00000             0.00000             0.00000
             0.00000             0.00000            42.00000             1.00000             0.00000             0.00000
             0.00000             0.00000            36.00000             1.00000             0.00000             0.00000
             0.00000             0.00000            30.00000             1.00000             0.00000             0.00000
             0.00000             0.00000            24.00000             1.00000             0.00000             0.00000
             0.00000             0.00000            18.00000             1.00000             0.00000             0.00000
             0.00000             0.00000            12.00000             1.00000             0.00000             0.00000
             0.00000             0.00000             6.00000             1.00000             0.00000             0.00000
             0.00000             0.75000             6.00000             1.00000             0.00000             0.00000
             0.00000             0.75000            12.00000             1.00000             0.00000             0.00000
             0.00000             0.75000            18.00000             1.00000             0.00000             0.00000
             0.00000             0.75000            24.00000             1.00000             0.00000             0.00000
             0.00000             0.75000            30.00000             1.00000             0.00000             0.00000
             0.00000             0.75000            36.00000             1.00000             0.00000             0.00000
             0.00000             0.75000            42.00000             1.00000             0.00000             0.00000
             0.00000             0.75000            48.00000             1.00000             0.00000             0.00000
             0.00000             0.75000            54.00000             1.00000             0.00000             0.00000
             0.00000             0.75000            60.00000             1.00000             0.00000             0.00000
             0.00000             0.75000            66.00000             1.00000             0.00000             0.00000
             0.00000             0.75000            72.00000             1.00000             0.00000             0.00000
             0.00000             0.75000            78.00000             1.00000             0.00000             0.00000
             0.00000             0.75000            84.00000             1.00000             0.00000             0.00000
             0.00000             0.75000            90.00000             1.00000             0.00000             0.00000
             0.00000             0.75000            96.00000             1.00000             0.00000             0.00000
             0.00000             0.75000           102.00000             1.00000             0.00000             0.00000
             0.00000             0.75000           108.00000             1.00000             0.00000             0.00000
             0.00000             0.75000           114.00000             1.00000             0.00000             0.00000
             0.00000             1.50000             6.00000             1.00000             0.00000             0.00000
             0.00000             1.50000            12.00000             1.00000             0.00000             0.00000
             0.00000             1.50000            18.00000             1.00000             0.00000             0.00000
             0.00000             1.50000            24.00000             1.00000             0.00000             0.00000
             0.00000             1.50000            30.00000             1.00000             0.00000             0.00000
             0.00000             1.50000            36.00000             1.00000             0.00000             0.00000
             0.00000             1.50000            42.00000             1.00000             0.00000             0.00000
             0.00000             1.50000            48.00000             1.00000             0.00000             0.00000
             0.00000             1.50000            54.00000             1.00000             0.00000             0.00000
             0.00000             1.50000            60.00000             1.00000             0.00000             0.00000
             0.00000             1.50000            66.00000             1.00000             0.00000             0.00000
             0.00000             1.50000            72.00000             1.00000             0.00000             0.00000
             0.00000             1.50000            78.00000             1.00000             0.00000             0.00000
             0.00000             1.50000            84.00000             1.00000             0.00000             0.00000
             0.00000             1.50000            90.00000             1.00000             0.00000             0.00000
             0.00000             1.50000            96.00000             1.00000             0.00000             0.00000
             0.00000             1.50000           102.00000             1.00000             0.00000             0.00000
             0.00000             1.50000           108.00000             1.00000             0.00000             0.00000
             0.00000             1.50000           114.00000             1.00000             0.00000             0.00000
             0.00000             2.25000             6.00000             1.00000             0.00000             0.00000
             0.00000             2.25000            12.00000             1.00000             0.00000             0.00000
             0.00000             2.25000            18.00000             1.00000             0.00000             0.00000
             0.00000             2.25000            24.00000             1.00000             0.00000             0.00000
             0.00000             2.25000            30.00000             1.00000             0.00000             0.00000
             0.00000             2.25000            36.00000             1.00000             0.00000             0.00000
             0.00000             2.25000            42.00000             1.00000             0.00000             0.00000
             0.00000             2.25000            48.00000             1.00000             0.00000             0.00000
             0.00000             2.25000            54.00000             1.00000             0.00000             0.00000
             0.00000             2.25000            60.00000             1.00000             0.00000             0.00000
             0.00000             2.25000            66.00000             1.00000             0.00000             0.00000
             0.00000             2.25000            72.00000             1.00000             0.00000             0.00000
             0.00000             2.25000            78.00000             1.00000             0.00000             0.00000
             0.00000             2.25000            84.00000             1.00000             0.00000             0.00000
             0.00000             2.25000            90.00000             1.00000             0.00000             0.00000
             0.00000             2.25000            96.00000             1.00000             0.00000             0.00000
             0.00000             2.25000           102.00000             1.00000             0.00000             0.00000
             0.00000             2.25000           108.00000             1.00000             0.00000             0.00000
             0.00000             2.25000           114.00000             1.00000             0.00000             0.00000
!!
!!
!!1st shell: connectivities (1, 2, 3, 4), material property (5).
1    3    49   48   1    
3    4    68   49   1    
4    5    87   68   1    
5    2    7    87   1    
48   49   50   47   1    
49   68   69   50   1    
68   87   88   69   1    
87   7    8    88   1    
47   50   51   46   1    
50   69   70   51   1    
69   88   89   70   1    
88   8    9    89   1    
46   51   52   45   1    
51   70   71   52   1    
70   89   90   71   1    
89   9    10   90   1    
45   52   53   44   1    
52   71   72   53   1    
71   90   91   72   1    
90   10   11   91   1    
44   53   54   43   1    
53   72   73   54   1    
72   91   92   73   1    
91   11   12   92   1    
43   54   55   42   1    
54   73   74   55   1    
73   92   93   74   1    
92   12   13   93   1    
42   55   56   41   1    
55   74   75   56   1    
74   93   94   75   1    
93   13   14   94   1    
41   56   57   40   1    
56   75   76   57   1    
75   94   95   76   1    
94   14   15   95   1    
40   57   58   39   1    
57   76   77   58   1    
76   95   96   77   1    
95   15   16   96   1    
39   58   59   38   1    
58   77   78   59   1    
77   96   97   78   1    
96   16   17   97   1    
38   59   60   37   1    
59   78   79   60   1    
78   97   98   79   1    
97   17   18   98   1    
37   60   61   36   1    
60   79   80   61   1    
79   98   99   80   1    
98   18   19   99   1    
36   61   62   35   1    
61   80   81   62   1    
80   99   100  81   1    
99   19   20   100  1    
35   62   63   34   1    
62   81   82   63   1    
81   100  101  82   1    
100  20   21   101  1    
34   63   64   33   1    
63   82   83   64   1    
82   101  102  83   1    
101  21   22   102  1    
33   64   65   32   1    
64   83   84   65   1    
83   102  103  84   1    
102  22   23   103  1    
32   65   66   31   1    
65   84   85   66   1    
84   103  104  85   1    
103  23   24   104  1    
31   66   67   30   1    
66   85   86   67   1    
85   104  105  86   1    
104  24   25   105  1    
30   67   29   26   1    
67   86   28   29   1    
86   105  27   28   1    
105  25   6    27   1    
!!
!!
!!2st shell: number of nodes (1), number of elements (2).
  105        80      
!!
!!
!!2st shell: nodal phi (1, 2, 3), nodal d (4, 5, 6).
             0.00000             0.00000           120.00000             0.00000             0.00000            -1.00000
             0.00000             3.00000           120.00000             0.00000             0.00000            -1.00000
             0.00000             0.75000           120.00000             0.00000             0.00000            -1.00000
             0.00000             1.50000           120.00000             0.00000             0.00000            -1.00000
             0.00000             2.25000           120.00000             0.00000             0.00000            -1.00000
           120.00000             3.00000           120.00000             0.00000             0.00000            -1.00000
             6.00000             3.00000           120.00000             0.00000             0.00000            -1.00000
            12.00000             3.00000           120.00000             0.00000             0.00000            -1.00000
            18.00000             3.00000           120.00000             0.00000             0.00000            -1.00000
            24.00000             3.00000           120.00000             0.00000             0.00000            -1.00000
            30.00000             3.00000           120.00000             0.00000             0.00000            -1.00000
            36.00000             3.00000           120.00000             0.00000             0.00000            -1.00000
            42.00000             3.00000           120.00000             0.00000             0.00000            -1.00000
            48.00000             3.00000           120.00000             0.00000             0.00000            -1.00000
            54.00000             3.00000           120.00000             0.00000             0.00000            -1.00000
            60.00000             3.00000           120.00000             0.00000             0.00000            -1.00000
            66.00000             3.00000           120.00000             0.00000             0.00000            -1.00000
            72.00000             3.00000           120.00000             0.00000             0.00000            -1.00000
            78.00000             3.00000           120.00000             0.00000             0.00000            -1.00000
            84.00000             3.00000           120.00000             0.00000             0.00000            -1.00000
            90.00000             3.00000           120.00000             0.00000             0.00000            -1.00000
            96.00000             3.00000           120.00000             0.00000             0.00000            -1.00000
           102.00000             3.00000           120.00000             0.00000             0.00000            -1.00000
           108.00000             3.00000           120.00000             0.00000             0.00000            -1.00000
           114.00000             3.00000           120.00000             0.00000             0.00000            -1.00000
           120.00000             0.00000           120.00000             0.00000             0.00000            -1.00000
           120.00000             2.25000           120.00000             0.00000             0.00000            -1.00000
           120.00000             1.50000           120.00000             0.00000             0.00000            -1.00000
           120.00000             0.75000           120.00000             0.00000             0.00000            -1.00000
           114.00000             0.00000           120.00000             0.00000             0.00000            -1.00000
           108.00000             0.00000           120.00000             0.00000             0.00000            -1.00000
           102.00000             0.00000           120.00000             0.00000             0.00000            -1.00000
            96.00000             0.00000           120.00000             0.00000             0.00000            -1.00000
            90.00000             0.00000           120.00000             0.00000             0.00000            -1.00000
            84.00000             0.00000           120.00000             0.00000             0.00000            -1.00000
            78.00000             0.00000           120.00000             0.00000             0.00000            -1.00000
            72.00000             0.00000           120.00000             0.00000             0.00000            -1.00000
            66.00000             0.00000           120.00000             0.00000             0.00000            -1.00000
            60.00000             0.00000           120.00000             0.00000             0.00000            -1.00000
            54.00000             0.00000           120.00000             0.00000             0.00000            -1.00000
            48.00000             0.00000           120.00000             0.00000             0.00000            -1.00000
            42.00000             0.00000           120.00000             0.00000             0.00000            -1.00000
            36.00000             0.00000           120.00000             0.00000             0.00000            -1.00000
            30.00000             0.00000           120.00000             0.00000             0.00000            -1.00000
            24.00000             0.00000           120.00000             0.00000             0.00000            -1.00000
            18.00000             0.00000           120.00000             0.00000             0.00000            -1.00000
            12.00000             0.00000           120.00000             0.00000             0.00000            -1.00000
             6.00000             0.00000           120.00000             0.00000             0.00000            -1.00000
             6.00000             0.75000           120.00000             0.00000             0.00000            -1.00000
            12.00000             0.75000           120.00000             0.00000             0.00000            -1.00000
            18.00000             0.75000           120.00000             0.00000             0.00000            -1.00000
            24.00000             0.75000           120.00000             0.00000             0.00000            -1.00000
            30.00000             0.75000           120.00000             0.00000             0.00000            -1.00000
            36.00000             0.75000           120.00000             0.00000             0.00000            -1.00000
            42.00000             0.75000           120.00000             0.00000             0.00000            -1.00000
            48.00000             0.75000           120.00000             0.00000             0.00000            -1.00000
            54.00000             0.75000           120.00000             0.00000             0.00000            -1.00000
            60.00000             0.75000           120.00000             0.00000             0.00000            -1.00000
            66.00000             0.75000           120.00000             0.00000             0.00000            -1.00000
            72.00000             0.75000           120.00000             0.00000             0.00000            -1.00000
            78.00000             0.75000           120.00000             0.00000             0.00000            -1.00000
            84.00000             0.75000           120.00000             0.00000             0.00000            -1.00000
            90.00000             0.75000           120.00000             0.00000             0.00000            -1.00000
            96.00000             0.75000           120.00000             0.00000             0.00000            -1.00000
           102.00000             0.75000           120.00000             0.00000             0.00000            -1.00000
           108.00000             0.75000           120.00000             0.00000             0.00000            -1.00000
           114.00000             0.75000           120.00000             0.00000             0.00000            -1.00000
             6.00000             1.50000           120.00000             0.00000             0.00000            -1.00000
            12.00000             1.50000           120.00000             0.00000             0.00000            -1.00000
            18.00000             1.50000           120.00000             0.00000             0.00000            -1.00000
            24.00000             1.50000           120.00000             0.00000             0.00000            -1.00000
            30.00000             1.50000           120.00000             0.00000             0.00000            -1.00000
            36.00000             1.50000           120.00000             0.00000             0.00000            -1.00000
            42.00000             1.50000           120.00000             0.00000             0.00000            -1.00000
            48.00000             1.50000           120.00000             0.00000             0.00000            -1.00000
            54.00000             1.50000           120.00000             0.00000             0.00000            -1.00000
            60.00000             1.50000           120.00000             0.00000             0.00000            -1.00000
            66.00000             1.50000           120.00000             0.00000             0.00000            -1.00000
            72.00000             1.50000           120.00000             0.00000             0.00000            -1.00000
            78.00000             1.50000           120.00000             0.00000             0.00000            -1.00000
            84.00000             1.50000           120.00000             0.00000             0.00000            -1.00000
            90.00000             1.50000           120.00000             0.00000             0.00000            -1.00000
            96.00000             1.50000           120.00000             0.00000             0.00000            -1.00000
           102.00000             1.50000           120.00000             0.00000             0.00000            -1.00000
           108.00000             1.50000           120.00000             0.00000             0.00000            -1.00000
           114.00000             1.50000           120.00000             0.00000             0.00000            -1.00000
             6.00000             2.25000           120.00000             0.00000             0.00000            -1.00000
            12.00000             2.25000           120.00000             0.00000             0.00000            -1.00000
            18.00000             2.25000           120.00000             0.00000             0.00000            -1.00000
            24.00000             2.25000           120.00000             0.00000             0.00000            -1.00000
            30.00000             2.25000           120.00000             0.00000             0.00000            -1.00000
            36.00000             2.25000           120.00000             0.00000             0.00000            -1.00000
            42.00000             2.25000           120.00000             0.00000             0.00000            -1.00000
            48.00000             2.25000           120.00000             0.00000             0.00000            -1.00000
            54.00000             2.25000           120.00000             0.00000             0.00000            -1.00000
            60.00000             2.25000           120.00000             0.00000             0.00000            -1.00000
            66.00000             2.25000           120.00000             0.00000             0.00000            -1.00000
            72.00000             2.25000           120.00000             0.00000             0.00000            -1.00000
            78.00000             2.25000           120.00000             0.00000             0.00000            -1.00000
            84.00000             2.25000           120.00000             0.00000             0.00000            -1.00000
            90.00000             2.25000           120.00000             0.00000             0.00000            -1.00000
            96.00000             2.25000           120.00000             0.00000             0.00000            -1.00000
           102.00000             2.25000           120.00000             0.00000             0.00000            -1.00000
           108.00000             2.25000           120.00000             0.00000             0.00000            -1.00000
           114.00000             2.25000           120.00000             0.00000             0.00000            -1.00000
!!
!!
!!2st shell: connectivities (1, 2, 3, 4), material property (5).
1    3    49   48   1    
3    4    68   49   1    
4    5    87   68   1    
5    2    7    87   1    
48   49   50   47   1    
49   68   69   50   1    
68   87   88   69   1    
87   7    8    88   1    
47   50   51   46   1    
50   69   70   51   1    
69   88   89   70   1    
88   8    9    89   1    
46   51   52   45   1    
51   70   71   52   1    
70   89   90   71   1    
89   9    10   90   1    
45   52   53   44   1    
52   71   72   53   1    
71   90   91   72   1    
90   10   11   91   1    
44   53   54   43   1    
53   72   73   54   1    
72   91   92   73   1    
91   11   12   92   1    
43   54   55   42   1    
54   73   74   55   1    
73   92   93   74   1    
92   12   13   93   1    
42   55   56   41   1    
55   74   75   56   1    
74   93   94   75   1    
93   13   14   94   1    
41   56   57   40   1    
56   75   76   57   1    
75   94   95   76   1    
94   14   15   95   1    
40   57   58   39   1    
57   76   77   58   1    
76   95   96   77   1    
95   15   16   96   1    
39   58   59   38   1    
58   77   78   59   1    
77   96   97   78   1    
96   16   17   97   1    
38   59   60   37   1    
59   78   79   60   1    
78   97   98   79   1    
97   17   18   98   1    
37   60   61   36   1    
60   79   80   61   1    
79   98   99   80   1    
98   18   19   99   1    
36   61   62   35   1    
61   80   81   62   1    
80   99   100  81   1    
99   19   20   100  1    
35   62   63   34   1    
62   81   82   63   1    
81   100  101  82   1    
100  20   21   101  1    
34   63   64   33   1    
63   82   83   64   1    
82   101  102  83   1    
101  21   22   102  1    
33   64   65   32   1    
64   83   84   65   1    
83   102  103  84   1    
102  22   23   103  1    
32   65   66   31   1    
65   84   85   66   1    
84   103  104  85   1    
103  23   24   104  1    
31   66   67   30   1    
66   85   86   67   1    
85   104  105  86   1    
104  24   25   105  1    
30   67   29   26   1    
67   86   28   29   1    
86   105  27   28   1    
105  25   6    27   1
!!
!!
!!2st material property (CFK): row 1, E1 (1), E2 (2), E3 (3), G23 (4), G13 (5), G12 (6), nu23 (7), nu13 (8), nu12 (9), row 2, rho (10),row3, alpha_v, alpha_s (12).
7.200d6 7.200d6 7.200d6 2.769d6 2.769d6 2.769d6 0.3 0.3 0.3
0.00000
0.00000 0.00000
!!
!!
!! material property 1: row 1, number of layers (1), row 2: material(2..number of layers+1), row 3: thickness (number of layers+2:2*number of layers+1), row 4: angle in degrees (2*number of layers+2:3*number of layers+1).
1
1
2.0d0
0