!! 
!! 
!! number of wakes (1), number of wake properties (2) 
1 1 
!! 
!! 
!! wake 1: number of surface (1), number of segments (2), property number (3) 
1 40 1
!! 
!! 
!! wake 1: nodes (1, 2), ring (3) 
287 286 240 
286 285 239 
285 284 238 
284 283 237 
283 282 236 
282 281 235 
281 280 234 
280 279 233 
279 278 232 
278 277 231 
277 276 230 
276 275 229 
275 274 228 
274 273 227 
273 272 226 
272 271 225 
271 270 224 
270 269 223 
269 268 222 
268 267 221 
267 266 220 
266 265 219 
265 264 218 
264 263 217 
263 262 216 
262 261 215 
261 260 214 
260 259 213 
259 258 212 
258 257 211 
257 256 210 
256 255 209 
255 254 208 
254 253 207 
253 252 206 
252 251 205 
251 250 204 
250 249 203 
249 248 202 
248 247 201 
!! 
!! 
!! wake property 1: time cut (1), max. rows (2) 
251 251 0.0d0
