!!
!!
!!number of beams (1), number of cross-section properties (2).
1 1
!!
!!
!!1st beam: number of nodes (1), number of elements (2).
21 20
!!
!!
!!1st beam: nodal phi (1, 2, 3), nodal d1 (4, 5, 6), nodal d2 (7, 8, 9), nodal d3 (10, 11, 12). 
 0.0d0  0.0d0  0.0000e+00  1.0d0 0.0d0 0.0d0 0.0d0 1.0d0 0.0d0 0.0d0 0.0d0 1.0d0
 0.0d0  0.0d0  5.0000e-02  1.0d0 0.0d0 0.0d0 0.0d0 1.0d0 0.0d0 0.0d0 0.0d0 1.0d0
 0.0d0  0.0d0  1.0000e-01  1.0d0 0.0d0 0.0d0 0.0d0 1.0d0 0.0d0 0.0d0 0.0d0 1.0d0
 0.0d0  0.0d0  1.5000e-01  1.0d0 0.0d0 0.0d0 0.0d0 1.0d0 0.0d0 0.0d0 0.0d0 1.0d0
 0.0d0  0.0d0  2.0000e-01  1.0d0 0.0d0 0.0d0 0.0d0 1.0d0 0.0d0 0.0d0 0.0d0 1.0d0
 0.0d0  0.0d0  2.5000e-01  1.0d0 0.0d0 0.0d0 0.0d0 1.0d0 0.0d0 0.0d0 0.0d0 1.0d0
 0.0d0  0.0d0  3.0000e-01  1.0d0 0.0d0 0.0d0 0.0d0 1.0d0 0.0d0 0.0d0 0.0d0 1.0d0
 0.0d0  0.0d0  3.5000e-01  1.0d0 0.0d0 0.0d0 0.0d0 1.0d0 0.0d0 0.0d0 0.0d0 1.0d0
 0.0d0  0.0d0  4.0000e-01  1.0d0 0.0d0 0.0d0 0.0d0 1.0d0 0.0d0 0.0d0 0.0d0 1.0d0
 0.0d0  0.0d0  4.5000e-01  1.0d0 0.0d0 0.0d0 0.0d0 1.0d0 0.0d0 0.0d0 0.0d0 1.0d0
 0.0d0  0.0d0  5.0000e-01  1.0d0 0.0d0 0.0d0 0.0d0 1.0d0 0.0d0 0.0d0 0.0d0 1.0d0
 0.0d0  0.0d0  5.5000e-01  1.0d0 0.0d0 0.0d0 0.0d0 1.0d0 0.0d0 0.0d0 0.0d0 1.0d0
 0.0d0  0.0d0  6.0000e-01  1.0d0 0.0d0 0.0d0 0.0d0 1.0d0 0.0d0 0.0d0 0.0d0 1.0d0
 0.0d0  0.0d0  6.5000e-01  1.0d0 0.0d0 0.0d0 0.0d0 1.0d0 0.0d0 0.0d0 0.0d0 1.0d0
 0.0d0  0.0d0  7.0000e-01  1.0d0 0.0d0 0.0d0 0.0d0 1.0d0 0.0d0 0.0d0 0.0d0 1.0d0
 0.0d0  0.0d0  7.5000e-01  1.0d0 0.0d0 0.0d0 0.0d0 1.0d0 0.0d0 0.0d0 0.0d0 1.0d0
 0.0d0  0.0d0  8.0000e-01  1.0d0 0.0d0 0.0d0 0.0d0 1.0d0 0.0d0 0.0d0 0.0d0 1.0d0
 0.0d0  0.0d0  8.5000e-01  1.0d0 0.0d0 0.0d0 0.0d0 1.0d0 0.0d0 0.0d0 0.0d0 1.0d0
 0.0d0  0.0d0  9.0000e-01  1.0d0 0.0d0 0.0d0 0.0d0 1.0d0 0.0d0 0.0d0 0.0d0 1.0d0
 0.0d0  0.0d0  9.5000e-01  1.0d0 0.0d0 0.0d0 0.0d0 1.0d0 0.0d0 0.0d0 0.0d0 1.0d0
 0.0d0  0.0d0  1.0000e+00  1.0d0 0.0d0 0.0d0 0.0d0 1.0d0 0.0d0 0.0d0 0.0d0 1.0d0
!!
!!
!!1st beam: connectivities (1, 2), cross-section property (3).
 1  2  1 
 2  3  1
 3  4  1
 4  5  1
 5  6  1
 6  7  1
 7  8  1
 8  9  1
 9 10  1
10 11  1
11 12  1
12 13  1
13 14  1
14 15  1
15 16  1
16 17  1
17 18  1
18 19  1
19 20  1
20 21  1
!!
!!
!!cross-section property #1: row 1: EA, GA1, GA2, EI1, EI2, GIP, ES1, ES2, GS1, GS2, ES12; row 2: rhoA, rhoI1, rhoI2, rhoS1, rhoS2, rhoS12; row 3: alpha_s alpha_v
3.9270000000e+02	1.3090000000e+02	1.3090000000e+02	2.4544000000e-03	2.4544000000e-03	1.6362000000e-03	0.0000000000e+00	0.0000000000e+00	0.0000000000e+00	0.0000000000e+00	0.0000000000e+00
8.6394000000e-02	5.3996000000e-07	5.3996000000e-07	0.0000000000e+00	0.0000000000e+00	0.0000000000e+00
0.0000000000e+00	0.0000000000e+00
