!!
!!
!! number of constraints for nodes with 12 coordinates:
68
!!
!!
!! constraints for nodes with 12 coordinates: sort (1), nodes (2, 3), phi1 (4, 5, 6), phi2 (7, 8, 9), dir (10, 11, 12):
rigidsupport	3	0	   0.00000d0	   0.00000d0	   0.00000d0	   0.00000d0	   0.00000d0	   0.00000d0	   0.00000d0	   0.00000d0	   0.00000d0	
rigidconnection	23	24	   0.00000d0	   0.00000d0	   0.00000d0	   0.00000d0	   0.00000d0	   0.00000d0	   0.00000d0	   0.00000d0	   0.00000d0	
rigidconnection	34	1	   4.72000d0	   0.00000d0	   4.27500d0	   0.00000d0	   0.00000d0	   0.00000d0	   0.00000d0	   0.00000d0	   0.00000d0	
revolutejoint	1	2	 -16.68539d0	   0.00000d0	   1.33207d0	   0.00000d0	   0.00000d0	   0.00000d0	  -0.99452d0	   0.00000d0	   0.10453d0	
rigidconnection	2	35	   0.29343d0	  -0.29343d0	   3.94825d0	   0.00000d0	   0.00000d0	   0.00000d0	   0.00000d0	   0.00000d0	   0.00000d0	
rigidconnection	2	46	  -2.57784d0	  -2.28440d0	  -1.97413d0	   0.00000d0	   0.00000d0	   0.00000d0	   0.00000d0	   0.00000d0	   0.00000d0	
rigidconnection	2	57	   2.28440d0	   2.57784d0	  -1.97413d0	   0.00000d0	   0.00000d0	   0.00000d0	   0.00000d0	   0.00000d0	   0.00000d0	
internal	1	0	   0.00000d0	   0.00000d0	   0.00000d0	   0.00000d0	   0.00000d0	   0.00000d0	   0.00000d0	   0.00000d0	   0.00000d0	
internal	2	0	   0.00000d0	   0.00000d0	   0.00000d0	   0.00000d0	   0.00000d0	   0.00000d0	   0.00000d0	   0.00000d0	   0.00000d0	
internal	4	0	   0.00000d0	   0.00000d0	   0.00000d0	   0.00000d0	   0.00000d0	   0.00000d0	   0.00000d0	   0.00000d0	   0.00000d0	
internal	5	0	   0.00000d0	   0.00000d0	   0.00000d0	   0.00000d0	   0.00000d0	   0.00000d0	   0.00000d0	   0.00000d0	   0.00000d0	
internal	6	0	   0.00000d0	   0.00000d0	   0.00000d0	   0.00000d0	   0.00000d0	   0.00000d0	   0.00000d0	   0.00000d0	   0.00000d0	
internal	7	0	   0.00000d0	   0.00000d0	   0.00000d0	   0.00000d0	   0.00000d0	   0.00000d0	   0.00000d0	   0.00000d0	   0.00000d0	
internal	8	0	   0.00000d0	   0.00000d0	   0.00000d0	   0.00000d0	   0.00000d0	   0.00000d0	   0.00000d0	   0.00000d0	   0.00000d0	
internal	9	0	   0.00000d0	   0.00000d0	   0.00000d0	   0.00000d0	   0.00000d0	   0.00000d0	   0.00000d0	   0.00000d0	   0.00000d0	
internal	10	0	   0.00000d0	   0.00000d0	   0.00000d0	   0.00000d0	   0.00000d0	   0.00000d0	   0.00000d0	   0.00000d0	   0.00000d0	
internal	11	0	   0.00000d0	   0.00000d0	   0.00000d0	   0.00000d0	   0.00000d0	   0.00000d0	   0.00000d0	   0.00000d0	   0.00000d0	
internal	12	0	   0.00000d0	   0.00000d0	   0.00000d0	   0.00000d0	   0.00000d0	   0.00000d0	   0.00000d0	   0.00000d0	   0.00000d0	
internal	13	0	   0.00000d0	   0.00000d0	   0.00000d0	   0.00000d0	   0.00000d0	   0.00000d0	   0.00000d0	   0.00000d0	   0.00000d0	
internal	14	0	   0.00000d0	   0.00000d0	   0.00000d0	   0.00000d0	   0.00000d0	   0.00000d0	   0.00000d0	   0.00000d0	   0.00000d0	
internal	15	0	   0.00000d0	   0.00000d0	   0.00000d0	   0.00000d0	   0.00000d0	   0.00000d0	   0.00000d0	   0.00000d0	   0.00000d0	
internal	16	0	   0.00000d0	   0.00000d0	   0.00000d0	   0.00000d0	   0.00000d0	   0.00000d0	   0.00000d0	   0.00000d0	   0.00000d0	
internal	17	0	   0.00000d0	   0.00000d0	   0.00000d0	   0.00000d0	   0.00000d0	   0.00000d0	   0.00000d0	   0.00000d0	   0.00000d0	
internal	18	0	   0.00000d0	   0.00000d0	   0.00000d0	   0.00000d0	   0.00000d0	   0.00000d0	   0.00000d0	   0.00000d0	   0.00000d0	
internal	19	0	   0.00000d0	   0.00000d0	   0.00000d0	   0.00000d0	   0.00000d0	   0.00000d0	   0.00000d0	   0.00000d0	   0.00000d0	
internal	20	0	   0.00000d0	   0.00000d0	   0.00000d0	   0.00000d0	   0.00000d0	   0.00000d0	   0.00000d0	   0.00000d0	   0.00000d0	
internal	21	0	   0.00000d0	   0.00000d0	   0.00000d0	   0.00000d0	   0.00000d0	   0.00000d0	   0.00000d0	   0.00000d0	   0.00000d0	
internal	22	0	   0.00000d0	   0.00000d0	   0.00000d0	   0.00000d0	   0.00000d0	   0.00000d0	   0.00000d0	   0.00000d0	   0.00000d0	
internal	24	0	   0.00000d0	   0.00000d0	   0.00000d0	   0.00000d0	   0.00000d0	   0.00000d0	   0.00000d0	   0.00000d0	   0.00000d0	
internal	25	0	   0.00000d0	   0.00000d0	   0.00000d0	   0.00000d0	   0.00000d0	   0.00000d0	   0.00000d0	   0.00000d0	   0.00000d0	
internal	26	0	   0.00000d0	   0.00000d0	   0.00000d0	   0.00000d0	   0.00000d0	   0.00000d0	   0.00000d0	   0.00000d0	   0.00000d0	
internal	27	0	   0.00000d0	   0.00000d0	   0.00000d0	   0.00000d0	   0.00000d0	   0.00000d0	   0.00000d0	   0.00000d0	   0.00000d0	
internal	28	0	   0.00000d0	   0.00000d0	   0.00000d0	   0.00000d0	   0.00000d0	   0.00000d0	   0.00000d0	   0.00000d0	   0.00000d0	
internal	29	0	   0.00000d0	   0.00000d0	   0.00000d0	   0.00000d0	   0.00000d0	   0.00000d0	   0.00000d0	   0.00000d0	   0.00000d0	
internal	30	0	   0.00000d0	   0.00000d0	   0.00000d0	   0.00000d0	   0.00000d0	   0.00000d0	   0.00000d0	   0.00000d0	   0.00000d0	
internal	31	0	   0.00000d0	   0.00000d0	   0.00000d0	   0.00000d0	   0.00000d0	   0.00000d0	   0.00000d0	   0.00000d0	   0.00000d0	
internal	32	0	   0.00000d0	   0.00000d0	   0.00000d0	   0.00000d0	   0.00000d0	   0.00000d0	   0.00000d0	   0.00000d0	   0.00000d0	
internal	33	0	   0.00000d0	   0.00000d0	   0.00000d0	   0.00000d0	   0.00000d0	   0.00000d0	   0.00000d0	   0.00000d0	   0.00000d0	
internal	36	0	   0.00000d0	   0.00000d0	   0.00000d0	   0.00000d0	   0.00000d0	   0.00000d0	   0.00000d0	   0.00000d0	   0.00000d0	
internal	37	0	   0.00000d0	   0.00000d0	   0.00000d0	   0.00000d0	   0.00000d0	   0.00000d0	   0.00000d0	   0.00000d0	   0.00000d0	
internal	38	0	   0.00000d0	   0.00000d0	   0.00000d0	   0.00000d0	   0.00000d0	   0.00000d0	   0.00000d0	   0.00000d0	   0.00000d0	
internal	39	0	   0.00000d0	   0.00000d0	   0.00000d0	   0.00000d0	   0.00000d0	   0.00000d0	   0.00000d0	   0.00000d0	   0.00000d0	
internal	40	0	   0.00000d0	   0.00000d0	   0.00000d0	   0.00000d0	   0.00000d0	   0.00000d0	   0.00000d0	   0.00000d0	   0.00000d0	
internal	41	0	   0.00000d0	   0.00000d0	   0.00000d0	   0.00000d0	   0.00000d0	   0.00000d0	   0.00000d0	   0.00000d0	   0.00000d0	
internal	42	0	   0.00000d0	   0.00000d0	   0.00000d0	   0.00000d0	   0.00000d0	   0.00000d0	   0.00000d0	   0.00000d0	   0.00000d0	
internal	43	0	   0.00000d0	   0.00000d0	   0.00000d0	   0.00000d0	   0.00000d0	   0.00000d0	   0.00000d0	   0.00000d0	   0.00000d0	
internal	44	0	   0.00000d0	   0.00000d0	   0.00000d0	   0.00000d0	   0.00000d0	   0.00000d0	   0.00000d0	   0.00000d0	   0.00000d0	
internal	45	0	   0.00000d0	   0.00000d0	   0.00000d0	   0.00000d0	   0.00000d0	   0.00000d0	   0.00000d0	   0.00000d0	   0.00000d0	
internal	47	0	   0.00000d0	   0.00000d0	   0.00000d0	   0.00000d0	   0.00000d0	   0.00000d0	   0.00000d0	   0.00000d0	   0.00000d0	
internal	48	0	   0.00000d0	   0.00000d0	   0.00000d0	   0.00000d0	   0.00000d0	   0.00000d0	   0.00000d0	   0.00000d0	   0.00000d0	
internal	49	0	   0.00000d0	   0.00000d0	   0.00000d0	   0.00000d0	   0.00000d0	   0.00000d0	   0.00000d0	   0.00000d0	   0.00000d0	
internal	50	0	   0.00000d0	   0.00000d0	   0.00000d0	   0.00000d0	   0.00000d0	   0.00000d0	   0.00000d0	   0.00000d0	   0.00000d0	
internal	51	0	   0.00000d0	   0.00000d0	   0.00000d0	   0.00000d0	   0.00000d0	   0.00000d0	   0.00000d0	   0.00000d0	   0.00000d0	
internal	52	0	   0.00000d0	   0.00000d0	   0.00000d0	   0.00000d0	   0.00000d0	   0.00000d0	   0.00000d0	   0.00000d0	   0.00000d0	
internal	53	0	   0.00000d0	   0.00000d0	   0.00000d0	   0.00000d0	   0.00000d0	   0.00000d0	   0.00000d0	   0.00000d0	   0.00000d0	
internal	54	0	   0.00000d0	   0.00000d0	   0.00000d0	   0.00000d0	   0.00000d0	   0.00000d0	   0.00000d0	   0.00000d0	   0.00000d0	
internal	55	0	   0.00000d0	   0.00000d0	   0.00000d0	   0.00000d0	   0.00000d0	   0.00000d0	   0.00000d0	   0.00000d0	   0.00000d0	
internal	56	0	   0.00000d0	   0.00000d0	   0.00000d0	   0.00000d0	   0.00000d0	   0.00000d0	   0.00000d0	   0.00000d0	   0.00000d0	
internal	58	0	   0.00000d0	   0.00000d0	   0.00000d0	   0.00000d0	   0.00000d0	   0.00000d0	   0.00000d0	   0.00000d0	   0.00000d0	
internal	59	0	   0.00000d0	   0.00000d0	   0.00000d0	   0.00000d0	   0.00000d0	   0.00000d0	   0.00000d0	   0.00000d0	   0.00000d0	
internal	60	0	   0.00000d0	   0.00000d0	   0.00000d0	   0.00000d0	   0.00000d0	   0.00000d0	   0.00000d0	   0.00000d0	   0.00000d0	
internal	61	0	   0.00000d0	   0.00000d0	   0.00000d0	   0.00000d0	   0.00000d0	   0.00000d0	   0.00000d0	   0.00000d0	   0.00000d0	
internal	62	0	   0.00000d0	   0.00000d0	   0.00000d0	   0.00000d0	   0.00000d0	   0.00000d0	   0.00000d0	   0.00000d0	   0.00000d0	
internal	63	0	   0.00000d0	   0.00000d0	   0.00000d0	   0.00000d0	   0.00000d0	   0.00000d0	   0.00000d0	   0.00000d0	   0.00000d0	
internal	64	0	   0.00000d0	   0.00000d0	   0.00000d0	   0.00000d0	   0.00000d0	   0.00000d0	   0.00000d0	   0.00000d0	   0.00000d0	
internal	65	0	   0.00000d0	   0.00000d0	   0.00000d0	   0.00000d0	   0.00000d0	   0.00000d0	   0.00000d0	   0.00000d0	   0.00000d0	
internal	66	0	   0.00000d0	   0.00000d0	   0.00000d0	   0.00000d0	   0.00000d0	   0.00000d0	   0.00000d0	   0.00000d0	   0.00000d0	
internal	67	0	   0.00000d0	   0.00000d0	   0.00000d0	   0.00000d0	   0.00000d0	   0.00000d0	   0.00000d0	   0.00000d0	   0.00000d0	
