!! 
!! 
!! number of surfaces (1):
6 
!! 
!! 
!! !! surface: number of nodes (1), number of rings (2), number of nodes along first dimension (3), and number of nodes along second direction (4). 
22 10 11 2 
!! 
!! 
!! surface node coordinates: nodal phi (1, 2, 3). 
      -11.9994252590d0        -2.5605001578d0       153.9885176996d0 
       -9.7838070572d0        -1.8972816870d0       153.7556468428d0 
       -9.1460479344d0        -0.9543115800d0       153.6886156580d0 
       -8.9664431431d0         0.0698884831d0       153.6697384337d0 
       -9.2449926830d0         1.1753185024d0       153.6990151701d0 
      -11.1014013021d0         2.5605001578d0       153.8941315784d0 
      -13.3170195040d0         1.8972816870d0       154.1270024351d0 
      -13.9547786267d0         0.9543115800d0       154.1940336200d0 
      -14.1343834181d0        -0.0698884831d0       154.2129108442d0 
      -13.8558338781d0        -1.1753185024d0       154.1836341078d0 
      -11.9994252590d0        -2.5605001578d0       153.9885176996d0 
      -10.9549039416d0        -2.5648529793d0       163.9338168809d0 
      -10.7749938241d0        -1.5389117876d0       163.9149075656d0 
      -10.5950837066d0        -0.5129705959d0       163.8959982503d0 
      -10.4151735891d0         0.5129705959d0       163.8770889350d0 
      -10.2352634716d0         1.5389117876d0       163.8581796197d0 
      -10.0553533541d0         2.5648529793d0       163.8392703044d0 
      -10.2352634716d0         1.5389117876d0       163.8581796197d0 
      -10.4151735891d0         0.5129705959d0       163.8770889350d0 
      -10.5950837066d0        -0.5129705959d0       163.8959982503d0 
      -10.7749938241d0        -1.5389117876d0       163.9149075656d0 
      -10.9549039416d0        -2.5648529793d0       163.9338168809d0 
!! 
!! 
!! surface: connectivities (1, 2, 3, 4). 
13 12 1 2 
14 13 2 3 
15 14 3 4 
16 15 4 5 
17 16 5 6 
18 17 6 7 
19 18 7 8 
20 19 8 9 
21 20 9 10 
22 21 10 11 
!! 
!! 
!! !! surface: number of nodes (1), number of rings (2), number of nodes along first dimension (3), and number of nodes along second direction (4). 
60 45 6 10 
!! 
!! 
!! surface node coordinates: nodal phi (1, 2, 3). 
      -10.9549039416d0        -2.5648529793d0       163.9338168809d0 
      -10.7749938241d0        -1.5389117876d0       163.9149075656d0 
      -10.5950837066d0        -0.5129705959d0       163.8959982503d0 
      -10.4151735891d0         0.5129705959d0       163.8770889350d0 
      -10.2352634716d0         1.5389117876d0       163.8581796197d0 
      -10.0553533541d0         2.5648529793d0       163.8392703044d0 
       -9.9098979953d0        -2.5664421937d0       173.8790651257d0 
       -9.7298764032d0        -1.5398653162d0       173.8601440940d0 
       -9.5498548112d0        -0.5132884387d0       173.8412230622d0 
       -9.3698332192d0         0.5132884387d0       173.8223020305d0 
       -9.1898116272d0         1.5398653162d0       173.8033809987d0 
       -9.0097900352d0         2.5664421937d0       173.7844599669d0 
       -8.8648920489d0        -2.5680314081d0       183.8243133705d0 
       -8.6847589823d0        -1.5408188449d0       183.8053806223d0 
       -8.5046259158d0        -0.5136062816d0       183.7864478741d0 
       -8.3244928493d0         0.5136062816d0       183.7675151259d0 
       -8.1443597827d0         1.5408188449d0       183.7485823777d0 
       -7.9642267162d0         2.5680314081d0       183.7296496295d0 
       -7.8198861025d0        -2.5696206225d0       193.7695616153d0 
       -7.6396415614d0        -1.5417723735d0       193.7506171507d0 
       -7.4593970204d0        -0.5139241245d0       193.7316726860d0 
       -7.2791524793d0         0.5139241245d0       193.7127282214d0 
       -7.0989079383d0         1.5417723735d0       193.6937837567d0 
       -6.9186633972d0         2.5696206225d0       193.6748392921d0 
       -6.7748801561d0        -2.5712098369d0       203.7148098601d0 
       -6.5945241405d0        -1.5427259022d0       203.6958536790d0 
       -6.4141681250d0        -0.5142419674d0       203.6768974979d0 
       -6.2338121094d0         0.5142419674d0       203.6579413168d0 
       -6.0534560938d0         1.5427259022d0       203.6389851357d0 
       -5.8731000783d0         2.5712098369d0       203.6200289547d0 
       -5.3744774346d0        -2.5727990513d0       217.0414325492d0 
       -5.1940099445d0        -1.5436794308d0       217.0224646516d0 
       -5.0135424544d0        -0.5145598103d0       217.0034967541d0 
       -4.8330749644d0         0.5145598103d0       216.9845288566d0 
       -4.6526074743d0         1.5436794308d0       216.9655609590d0 
       -4.4721399842d0         2.5727990513d0       216.9465930615d0 
       -3.9740747131d0        -2.5743882657d0       230.3680552382d0 
       -3.7934957485d0        -1.5446329594d0       230.3490756242d0 
       -3.6129167839d0        -0.5148776531d0       230.3300960102d0 
       -3.4323378193d0         0.5148776531d0       230.3111163963d0 
       -3.2517588547d0         1.5446329594d0       230.2921367823d0 
       -3.0711798901d0         2.5743882657d0       230.2731571683d0 
       -2.5736719916d0        -2.5759774801d0       243.6946779273d0 
       -2.3929815525d0        -1.5455864881d0       243.6756865968d0 
       -2.2122911134d0        -0.5151954960d0       243.6566952664d0 
       -2.0316006743d0         0.5151954960d0       243.6377039360d0 
       -1.8509102351d0         1.5455864881d0       243.6187126056d0 
       -1.6702197960d0         2.5759774801d0       243.5997212751d0 
       -1.1732692701d0        -2.5775666945d0       257.0213006163d0 
       -0.9924673565d0        -1.5465400167d0       257.0022975694d0 
       -0.8116654429d0        -0.5155133389d0       256.9832945226d0 
       -0.6308635292d0         0.5155133389d0       256.9642914757d0 
       -0.4500616156d0         1.5465400167d0       256.9452884288d0 
       -0.2692597019d0         2.5775666945d0       256.9262853820d0 
        0.2271334513d0        -2.5791559089d0       270.3479233053d0 
        0.4080468395d0        -1.5474935454d0       270.3289085420d0 
        0.5889602277d0        -0.5158311818d0       270.3098937787d0 
        0.7698736158d0         0.5158311818d0       270.2908790154d0 
        0.9507870040d0         1.5474935454d0       270.2718642521d0 
        1.1317003921d0         2.5791559089d0       270.2528494888d0 
!! 
!! 
!! surface: connectivities (1, 2, 3, 4). 
8 7 1 2 
9 8 2 3 
10 9 3 4 
11 10 4 5 
12 11 5 6 
14 13 7 8 
15 14 8 9 
16 15 9 10 
17 16 10 11 
18 17 11 12 
20 19 13 14 
21 20 14 15 
22 21 15 16 
23 22 16 17 
24 23 17 18 
26 25 19 20 
27 26 20 21 
28 27 21 22 
29 28 22 23 
30 29 23 24 
32 31 25 26 
33 32 26 27 
34 33 27 28 
35 34 28 29 
36 35 29 30 
38 37 31 32 
39 38 32 33 
40 39 33 34 
41 40 34 35 
42 41 35 36 
44 43 37 38 
45 44 38 39 
46 45 39 40 
47 46 40 41 
48 47 41 42 
50 49 43 44 
51 50 44 45 
52 51 45 46 
53 52 46 47 
54 53 47 48 
56 55 49 50 
57 56 50 51 
58 57 51 52 
59 58 52 53 
60 59 53 54 
!! 
!! 
!! !! surface: number of nodes (1), number of rings (2), number of nodes along first dimension (3), and number of nodes along second direction (4). 
22 10 11 2 
!! 
!! 
!! surface node coordinates: nodal phi (1, 2, 3). 
      -12.8536797540d0        -2.1578707741d0       145.8608290975d0 
      -10.5780241613d0        -2.4894800095d0       146.1991758585d0 
       -9.8549033253d0        -2.9609650630d0       146.9443071234d0 
       -9.5825835355d0        -3.4730650946d0       147.8075541852d0 
       -9.7610647917d0        -4.0257801042d0       148.7889170439d0 
      -11.4920808047d0        -4.7183709319d0       150.1770644066d0 
      -13.7677363974d0        -4.3867616965d0       149.8387176456d0 
      -14.4908572333d0        -3.9152766430d0       149.0935863807d0 
      -14.7631770232d0        -3.4031766115d0       148.2303393189d0 
      -14.5846957670d0        -2.8504616018d0       147.2489764602d0 
      -12.8536797540d0        -2.1578707741d0       145.8608290975d0 
      -13.3774794218d0       -10.8159484012d0       140.8845508449d0 
      -13.1046966913d0       -11.3289189971d0       141.7492654170d0 
      -12.8319139609d0       -11.8418895929d0       142.6139799892d0 
      -12.5591312304d0       -12.3548601888d0       143.4786945613d0 
      -12.2863485000d0       -12.8678307847d0       144.3434091334d0 
      -12.0135657695d0       -13.3808013805d0       145.2081237055d0 
      -12.2863485000d0       -12.8678307847d0       144.3434091334d0 
      -12.5591312304d0       -12.3548601888d0       143.4786945613d0 
      -12.8319139609d0       -11.8418895929d0       142.6139799892d0 
      -13.1046966913d0       -11.3289189971d0       141.7492654170d0 
      -13.3774794218d0       -10.8159484012d0       140.8845508449d0 
!! 
!! 
!! surface: connectivities (1, 2, 3, 4). 
13 12 1 2 
14 13 2 3 
15 14 3 4 
16 15 4 5 
17 16 5 6 
18 17 6 7 
19 18 7 8 
20 19 8 9 
21 20 9 10 
22 21 10 11 
!! 
!! 
!! !! surface: number of nodes (1), number of rings (2), number of nodes along first dimension (3), and number of nodes along second direction (4). 
60 45 6 10 
!! 
!! 
!! surface node coordinates: nodal phi (1, 2, 3). 
      -13.3774794218d0       -10.8159484012d0       140.8845508449d0 
      -13.1046966913d0       -11.3289189971d0       141.7492654170d0 
      -12.8319139609d0       -11.8418895929d0       142.6139799892d0 
      -12.5591312304d0       -12.3548601888d0       143.4786945613d0 
      -12.2863485000d0       -12.8678307847d0       144.3434091334d0 
      -12.0135657695d0       -13.3808013805d0       145.2081237055d0 
      -13.9005442870d0       -19.4754078318d0       135.9106018987d0 
      -13.6275925370d0       -19.9886962706d0       136.7758522586d0 
      -13.3546407870d0       -20.5019847093d0       137.6411026184d0 
      -13.0816890370d0       -21.0152731481d0       138.5063529783d0 
      -12.8087372870d0       -21.5285615868d0       139.3716033382d0 
      -12.5357855371d0       -22.0418500256d0       140.2368536981d0 
      -14.4236091521d0       -28.1348672625d0       130.9366529524d0 
      -14.1504883826d0       -28.6484735441d0       131.8024391001d0 
      -13.8773676131d0       -29.1620798257d0       132.6682252477d0 
      -13.6042468436d0       -29.6756861074d0       133.5340113954d0 
      -13.3311260741d0       -30.1892923890d0       134.3997975430d0 
      -13.0580053046d0       -30.7028986706d0       135.2655836906d0 
      -14.9466740173d0       -36.7943266931d0       125.9627040062d0 
      -14.6733842282d0       -37.3082508176d0       126.8290259416d0 
      -14.4000944392d0       -37.8221749421d0       127.6953478770d0 
      -14.1268046502d0       -38.3360990667d0       128.5616698124d0 
      -13.8535148611d0       -38.8500231912d0       129.4279917478d0 
      -13.5802250721d0       -39.3639473157d0       130.2943136832d0 
      -15.4697388824d0       -45.4537861238d0       120.9887550599d0 
      -15.1962800739d0       -45.9680280912d0       121.8556127831d0 
      -14.9228212653d0       -46.4822700586d0       122.7224705063d0 
      -14.6493624567d0       -46.9965120259d0       123.5893282294d0 
      -14.3759036482d0       -47.5107539933d0       124.4561859526d0 
      -14.1024448396d0       -48.0249959607d0       125.3230436758d0 
      -16.1705021352d0       -57.0577319273d0       114.3241188915d0 
      -15.8968743071d0       -57.5722917376d0       115.1915124025d0 
      -15.6232464790d0       -58.0868515478d0       116.0589059134d0 
      -15.3496186509d0       -58.6014113581d0       116.9262994244d0 
      -15.0759908228d0       -59.1159711684d0       117.7936929353d0 
      -14.8023629947d0       -59.6305309786d0       118.6610864462d0 
      -16.8712653879d0       -68.6616777308d0       107.6594827231d0 
      -16.5974685402d0       -69.1765553839d0       108.5274120218d0 
      -16.3236716926d0       -69.6914330371d0       109.3953413206d0 
      -16.0498748450d0       -70.2063106902d0       110.2632706193d0 
      -15.7760779974d0       -70.7211883434d0       111.1311999180d0 
      -15.5022811497d0       -71.2360659965d0       111.9991292167d0 
      -17.5720286406d0       -80.2656235343d0       100.9948465547d0 
      -17.2980627734d0       -80.7808190303d0       101.8633116412d0 
      -17.0240969063d0       -81.2960145264d0       102.7317767277d0 
      -16.7501310391d0       -81.8112100224d0       103.6002418142d0 
      -16.4761651720d0       -82.3264055184d0       104.4687069007d0 
      -16.2021993048d0       -82.8416010144d0       105.3371719871d0 
      -18.2727918933d0       -91.8695693378d0        94.3302103864d0 
      -17.9986570066d0       -92.3850826767d0        95.1992112606d0 
      -17.7245221199d0       -92.9005960156d0        96.0682121349d0 
      -17.4503872333d0       -93.4161093545d0        96.9372130091d0 
      -17.1762523466d0       -93.9316226935d0        97.8062138833d0 
      -16.9021174599d0       -94.4471360324d0        98.6752147576d0 
      -18.9735551460d0      -103.4735151413d0        87.6655742180d0 
      -18.6992512398d0      -103.9893463231d0        88.5351108800d0 
      -18.4249473336d0      -104.5051775049d0        89.4046475420d0 
      -18.1506434274d0      -105.0210086867d0        90.2741842040d0 
      -17.8763395212d0      -105.5368398685d0        91.1437208660d0 
      -17.6020356150d0      -106.0526710503d0        92.0132575280d0 
!! 
!! 
!! surface: connectivities (1, 2, 3, 4). 
8 7 1 2 
9 8 2 3 
10 9 3 4 
11 10 4 5 
12 11 5 6 
14 13 7 8 
15 14 8 9 
16 15 9 10 
17 16 10 11 
18 17 11 12 
20 19 13 14 
21 20 14 15 
22 21 15 16 
23 22 16 17 
24 23 17 18 
26 25 19 20 
27 26 20 21 
28 27 21 22 
29 28 22 23 
30 29 23 24 
32 31 25 26 
33 32 26 27 
34 33 27 28 
35 34 28 29 
36 35 29 30 
38 37 31 32 
39 38 32 33 
40 39 33 34 
41 40 34 35 
42 41 35 36 
44 43 37 38 
45 44 38 39 
46 45 39 40 
47 46 40 41 
48 47 41 42 
50 49 43 44 
51 50 44 45 
52 51 45 46 
53 52 46 47 
54 53 47 48 
56 55 49 50 
57 56 50 51 
58 57 51 52 
59 58 52 53 
60 59 53 54 
!! 
!! 
!! !! surface: number of nodes (1), number of rings (2), number of nodes along first dimension (3), and number of nodes along second direction (4). 
22 10 11 2 
!! 
!! 
!! surface node coordinates: nodal phi (1, 2, 3). 
      -12.3901047615d0         4.7183709319d0       150.2714505278d0 
      -10.2345239506d0         4.3867616965d0       149.4673620534d0 
       -9.6821265410d0         3.9152766430d0       148.5881684187d0 
       -9.5952367482d0         3.4031766115d0       147.6871669084d0 
       -9.9738545719d0         2.8504616018d0       146.7643575225d0 
      -11.9556557971d0         2.1578707741d0       145.7664429763d0 
      -14.1112366081d0         2.4894800095d0       146.5705314507d0 
      -14.6636340176d0         2.9609650630d0       147.4497250854d0 
      -14.7505238105d0         3.4730650946d0       148.3507265957d0 
      -14.3719059867d0         4.0257801042d0       149.2735359816d0 
      -12.3901047615d0         4.7183709319d0       150.2714505278d0 
      -12.9131163570d0        13.3808013805d0       145.3026702821d0 
      -12.8260788525d0        12.8678307847d0       144.4001370793d0 
      -12.7390413479d0        12.3548601888d0       143.4976038766d0 
      -12.6520038434d0        11.8418895929d0       142.5950706738d0 
      -12.5649663388d0        11.3289189971d0       141.6925374711d0 
      -12.4779288343d0        10.8159484012d0       140.7900042683d0 
      -12.5649663388d0        11.3289189971d0       141.6925374711d0 
      -12.6520038434d0        11.8418895929d0       142.5950706738d0 
      -12.7390413479d0        12.3548601888d0       143.4976038766d0 
      -12.8260788525d0        12.8678307847d0       144.4001370793d0 
      -12.9131163570d0        13.3808013805d0       145.3026702821d0 
!! 
!! 
!! surface: connectivities (1, 2, 3, 4). 
13 12 1 2 
14 13 2 3 
15 14 3 4 
16 15 4 5 
17 16 5 6 
18 17 6 7 
19 18 7 8 
20 19 8 9 
21 20 9 10 
22 21 10 11 
!! 
!! 
!! !! surface: number of nodes (1), number of rings (2), number of nodes along first dimension (3), and number of nodes along second direction (4). 
60 45 6 10 
!! 
!! 
!! surface node coordinates: nodal phi (1, 2, 3). 
      -12.9131163570d0        13.3808013805d0       145.3026702821d0 
      -12.8260788525d0        12.8678307847d0       144.4001370793d0 
      -12.7390413479d0        12.3548601888d0       143.4976038766d0 
      -12.6520038434d0        11.8418895929d0       142.5950706738d0 
      -12.5649663388d0        11.3289189971d0       141.6925374711d0 
      -12.4779288343d0        10.8159484012d0       140.7900042683d0 
      -13.4358934971d0        22.0418500256d0       140.3314588569d0 
      -13.3488020631d0        21.5285615868d0       139.4283664335d0 
      -13.2617106290d0        21.0152731481d0       138.5252740101d0 
      -13.1746191950d0        20.5019847093d0       137.6221815867d0 
      -13.0875277609d0        19.9886962706d0       136.7190891633d0 
      -13.0004363269d0        19.4754078318d0       135.8159967399d0 
      -13.9586706372d0        30.7028986706d0       135.3602474317d0 
      -13.8715252737d0        30.1892923890d0       134.4565957876d0 
      -13.7843799101d0        29.6756861074d0       133.5529441436d0 
      -13.6972345466d0        29.1620798257d0       132.6492924995d0 
      -13.6100891830d0        28.6484735441d0       131.7456408554d0 
      -13.5229438194d0        28.1348672625d0       130.8419892114d0 
      -14.4814477774d0        39.3639473157d0       130.3890360065d0 
      -14.3942484843d0        38.8500231912d0       129.4848251418d0 
      -14.3070491912d0        38.3360990667d0       128.5806142770d0 
      -14.2198498981d0        37.8221749421d0       127.6764034123d0 
      -14.1326506051d0        37.3082508176d0       126.7721925476d0 
      -14.0454513120d0        36.7943266931d0       125.8679816829d0 
      -15.0042249175d0        48.0249959607d0       125.4178245813d0 
      -14.9169716949d0        47.5107539933d0       124.5130544959d0 
      -14.8297184723d0        46.9965120259d0       123.6082844105d0 
      -14.7424652497d0        46.4822700586d0       122.7035143252d0 
      -14.6552120272d0        45.9680280912d0       121.7987442398d0 
      -14.5679588046d0        45.4537861238d0       120.8939741544d0 
      -15.7047004451d0        59.6305309786d0       118.7559259339d0 
      -15.6173932930d0        59.1159711684d0       117.8505966279d0 
      -15.5300861410d0        58.6014113581d0       116.9452673219d0 
      -15.4427789889d0        58.0868515478d0       116.0399380159d0 
      -15.3554718368d0        57.5722917376d0       115.1346087099d0 
      -15.2681646847d0        57.0577319273d0       114.2292794038d0 
      -16.4051759728d0        71.2360659965d0       112.0940272866d0 
      -16.3178148912d0        70.7211883434d0       111.1881387599d0 
      -16.2304538096d0        70.2063106902d0       110.2822502332d0 
      -16.1430927280d0        69.6914330371d0       109.3763617066d0 
      -16.0557316464d0        69.1765553839d0       108.4704731799d0 
      -15.9683705648d0        68.6616777308d0       107.5645846532d0 
      -17.1056515004d0        82.8416010144d0       105.4321286393d0 
      -17.0182364893d0        82.3264055184d0       104.5256808919d0 
      -16.9308214782d0        81.8112100224d0       103.6192331446d0 
      -16.8434064672d0        81.2960145264d0       102.7127853973d0 
      -16.7559914561d0        80.7808190303d0       101.8063376500d0 
      -16.6685764450d0        80.2656235343d0       100.8998899026d0 
      -17.8061270281d0        94.4471360324d0        98.7702299919d0 
      -17.7186580875d0        93.9316226935d0        97.8632230240d0 
      -17.6311891469d0        93.4161093545d0        96.9562160560d0 
      -17.5437202063d0        92.9005960156d0        96.0492090880d0 
      -17.4562512657d0        92.3850826767d0        95.1422021200d0 
      -17.3687823251d0        91.8695693378d0        94.2351951520d0 
      -18.5066025558d0       106.0526710503d0        92.1083313446d0 
      -18.4190796856d0       105.5368398685d0        91.2007651560d0 
      -18.3315568155d0       105.0210086867d0        90.2931989673d0 
      -18.2440339454d0       104.5051775049d0        89.3856327787d0 
      -18.1565110753d0       103.9893463231d0        88.4780665901d0 
      -18.0689882052d0       103.4735151413d0        87.5705004014d0 
!! 
!! 
!! surface: connectivities (1, 2, 3, 4). 
8 7 1 2 
9 8 2 3 
10 9 3 4 
11 10 4 5 
12 11 5 6 
14 13 7 8 
15 14 8 9 
16 15 9 10 
17 16 10 11 
18 17 11 12 
20 19 13 14 
21 20 14 15 
22 21 15 16 
23 22 16 17 
24 23 17 18 
26 25 19 20 
27 26 20 21 
28 27 21 22 
29 28 22 23 
30 29 23 24 
32 31 25 26 
33 32 26 27 
34 33 27 28 
35 34 28 29 
36 35 29 30 
38 37 31 32 
39 38 32 33 
40 39 33 34 
41 40 34 35 
42 41 35 36 
44 43 37 38 
45 44 38 39 
46 45 39 40 
47 46 40 41 
48 47 41 42 
50 49 43 44 
51 50 44 45 
52 51 45 46 
53 52 46 47 
54 53 47 48 
56 55 49 50 
57 56 50 51 
58 57 51 52 
59 58 52 53 
60 59 53 54 
