!! Problem taken from J.C. Simo, N. Tarnov, „A new energy and momentum conserving algorithm for the nonlinear dynamics of shells”, International Journal for Numerical Methods in Engineering 37 (1994).
!!
!!number of shells (1), number of material properties (2), number of material sequences (3).
 1 1 1
!!
!!
!!1st shell: number of nodes (1), number of elements (2).	
 44 30
!!
!!
!!1st shell: nodal phi (1, 2, 3), nodal dir (4, 5, 6).
        0.0000000000d0        -0.5000000000d0         0.0000000000d0  0.0d0 0.0d0 1.0d0
        0.5000000000d0        -0.5000000000d0         0.0000000000d0  0.0d0 0.0d0 1.0d0
        1.0000000000d0        -0.5000000000d0         0.0000000000d0  0.0d0 0.0d0 1.0d0
        1.5000000000d0        -0.5000000000d0         0.0000000000d0  0.0d0 0.0d0 1.0d0
        2.0000000000d0        -0.5000000000d0         0.0000000000d0  0.0d0 0.0d0 1.0d0
        2.5000000000d0        -0.5000000000d0         0.0000000000d0  0.0d0 0.0d0 1.0d0
        3.0000000000d0        -0.5000000000d0         0.0000000000d0  0.0d0 0.0d0 1.0d0
        3.5000000000d0        -0.5000000000d0         0.0000000000d0  0.0d0 0.0d0 1.0d0
        4.0000000000d0        -0.5000000000d0         0.0000000000d0  0.0d0 0.0d0 1.0d0
        4.5000000000d0        -0.5000000000d0         0.0000000000d0  0.0d0 0.0d0 1.0d0
        5.0000000000d0        -0.5000000000d0         0.0000000000d0  0.0d0 0.0d0 1.0d0
        0.0000000000d0        -0.1666666667d0         0.0000000000d0  0.0d0 0.0d0 1.0d0
        0.5000000000d0        -0.1666666667d0         0.0000000000d0  0.0d0 0.0d0 1.0d0
        1.0000000000d0        -0.1666666667d0         0.0000000000d0  0.0d0 0.0d0 1.0d0
        1.5000000000d0        -0.1666666667d0         0.0000000000d0  0.0d0 0.0d0 1.0d0
        2.0000000000d0        -0.1666666667d0         0.0000000000d0  0.0d0 0.0d0 1.0d0
        2.5000000000d0        -0.1666666667d0         0.0000000000d0  0.0d0 0.0d0 1.0d0
        3.0000000000d0        -0.1666666667d0         0.0000000000d0  0.0d0 0.0d0 1.0d0
        3.5000000000d0        -0.1666666667d0         0.0000000000d0  0.0d0 0.0d0 1.0d0
        4.0000000000d0        -0.1666666667d0         0.0000000000d0  0.0d0 0.0d0 1.0d0
        4.5000000000d0        -0.1666666667d0         0.0000000000d0  0.0d0 0.0d0 1.0d0
        5.0000000000d0        -0.1666666667d0         0.0000000000d0  0.0d0 0.0d0 1.0d0
        0.0000000000d0         0.1666666667d0         0.0000000000d0  0.0d0 0.0d0 1.0d0
        0.5000000000d0         0.1666666667d0         0.0000000000d0  0.0d0 0.0d0 1.0d0
        1.0000000000d0         0.1666666667d0         0.0000000000d0  0.0d0 0.0d0 1.0d0
        1.5000000000d0         0.1666666667d0         0.0000000000d0  0.0d0 0.0d0 1.0d0
        2.0000000000d0         0.1666666667d0         0.0000000000d0  0.0d0 0.0d0 1.0d0
        2.5000000000d0         0.1666666667d0         0.0000000000d0  0.0d0 0.0d0 1.0d0
        3.0000000000d0         0.1666666667d0         0.0000000000d0  0.0d0 0.0d0 1.0d0
        3.5000000000d0         0.1666666667d0         0.0000000000d0  0.0d0 0.0d0 1.0d0
        4.0000000000d0         0.1666666667d0         0.0000000000d0  0.0d0 0.0d0 1.0d0
        4.5000000000d0         0.1666666667d0         0.0000000000d0  0.0d0 0.0d0 1.0d0
        5.0000000000d0         0.1666666667d0         0.0000000000d0  0.0d0 0.0d0 1.0d0
        0.0000000000d0         0.5000000000d0         0.0000000000d0  0.0d0 0.0d0 1.0d0
        0.5000000000d0         0.5000000000d0         0.0000000000d0  0.0d0 0.0d0 1.0d0
        1.0000000000d0         0.5000000000d0         0.0000000000d0  0.0d0 0.0d0 1.0d0
        1.5000000000d0         0.5000000000d0         0.0000000000d0  0.0d0 0.0d0 1.0d0
        2.0000000000d0         0.5000000000d0         0.0000000000d0  0.0d0 0.0d0 1.0d0
        2.5000000000d0         0.5000000000d0         0.0000000000d0  0.0d0 0.0d0 1.0d0
        3.0000000000d0         0.5000000000d0         0.0000000000d0  0.0d0 0.0d0 1.0d0
        3.5000000000d0         0.5000000000d0         0.0000000000d0  0.0d0 0.0d0 1.0d0
        4.0000000000d0         0.5000000000d0         0.0000000000d0  0.0d0 0.0d0 1.0d0
        4.5000000000d0         0.5000000000d0         0.0000000000d0  0.0d0 0.0d0 1.0d0
        5.0000000000d0         0.5000000000d0         0.0000000000d0  0.0d0 0.0d0 1.0d0
!!
!!
!!1st shell: connectivities (1, 2, 3, 4), material property (5).
13 12 1 2 1
14 13 2 3 1
15 14 3 4 1
16 15 4 5 1
17 16 5 6 1
18 17 6 7 1
19 18 7 8 1
20 19 8 9 1
21 20 9 10 1
22 21 10 11 1
24 23 12 13 1
25 24 13 14 1
26 25 14 15 1
27 26 15 16 1
28 27 16 17 1
29 28 17 18 1
30 29 18 19 1
31 30 19 20 1
32 31 20 21 1
33 32 21 22 1
35 34 23 24 1
36 35 24 25 1
37 36 25 26 1
38 37 26 27 1
39 38 27 28 1
40 39 28 29 1
41 40 29 30 1
42 41 30 31 1
43 42 31 32 1
44 43 32 33 1
!!
!!
!!1st material property: row 1, E1 (1), E2 (2), E3 (3), G23 (4), G13 (5), G12 (6), nu23 (7), nu13 (8), nu12 (9), row 2, rho (10), row 3, dissipation(11).
 2.06d10 2.06d10 2.06d10 1.03d10 1.03d10 1.03d10 0.0d0 0.0d0 0.0d0
 7.8d3
 0.0d0 0.0d0
!!
!!
!!1st material sequence: row 1, number of layers (1), row 2: material(2..number of layers+1), row 3: thickness (number of layers+2:2*number of layers+1), row 4: angle in degrees (2*number of layers+2:3*number of layers+1).
    1
    1
    2.0d-3
    0.0d0