!! 
!! 
!! number of surfaces (1):
1 
!! 
!! 
!! !! surface: number of nodes (1), number of rings (2), number of nodes along first dimension (3), and number of nodes along second direction (4). 
44 30 11 4 
!! 
!! 
!! surface node coordinates: nodal phi (1, 2, 3). 
        0.0000000000d0        -0.5000000000d0         0.0000000000d0 
        0.5000000000d0        -0.5000000000d0         0.0000000000d0 
        1.0000000000d0        -0.5000000000d0         0.0000000000d0 
        1.5000000000d0        -0.5000000000d0         0.0000000000d0 
        2.0000000000d0        -0.5000000000d0         0.0000000000d0 
        2.5000000000d0        -0.5000000000d0         0.0000000000d0 
        3.0000000000d0        -0.5000000000d0         0.0000000000d0 
        3.5000000000d0        -0.5000000000d0         0.0000000000d0 
        4.0000000000d0        -0.5000000000d0         0.0000000000d0 
        4.5000000000d0        -0.5000000000d0         0.0000000000d0 
        5.0000000000d0        -0.5000000000d0         0.0000000000d0 
        0.0000000000d0        -0.1666666667d0         0.0000000000d0 
        0.5000000000d0        -0.1666666667d0         0.0000000000d0 
        1.0000000000d0        -0.1666666667d0         0.0000000000d0 
        1.5000000000d0        -0.1666666667d0         0.0000000000d0 
        2.0000000000d0        -0.1666666667d0         0.0000000000d0 
        2.5000000000d0        -0.1666666667d0         0.0000000000d0 
        3.0000000000d0        -0.1666666667d0         0.0000000000d0 
        3.5000000000d0        -0.1666666667d0         0.0000000000d0 
        4.0000000000d0        -0.1666666667d0         0.0000000000d0 
        4.5000000000d0        -0.1666666667d0         0.0000000000d0 
        5.0000000000d0        -0.1666666667d0         0.0000000000d0 
        0.0000000000d0         0.1666666667d0         0.0000000000d0 
        0.5000000000d0         0.1666666667d0         0.0000000000d0 
        1.0000000000d0         0.1666666667d0         0.0000000000d0 
        1.5000000000d0         0.1666666667d0         0.0000000000d0 
        2.0000000000d0         0.1666666667d0         0.0000000000d0 
        2.5000000000d0         0.1666666667d0         0.0000000000d0 
        3.0000000000d0         0.1666666667d0         0.0000000000d0 
        3.5000000000d0         0.1666666667d0         0.0000000000d0 
        4.0000000000d0         0.1666666667d0         0.0000000000d0 
        4.5000000000d0         0.1666666667d0         0.0000000000d0 
        5.0000000000d0         0.1666666667d0         0.0000000000d0 
        0.0000000000d0         0.5000000000d0         0.0000000000d0 
        0.5000000000d0         0.5000000000d0         0.0000000000d0 
        1.0000000000d0         0.5000000000d0         0.0000000000d0 
        1.5000000000d0         0.5000000000d0         0.0000000000d0 
        2.0000000000d0         0.5000000000d0         0.0000000000d0 
        2.5000000000d0         0.5000000000d0         0.0000000000d0 
        3.0000000000d0         0.5000000000d0         0.0000000000d0 
        3.5000000000d0         0.5000000000d0         0.0000000000d0 
        4.0000000000d0         0.5000000000d0         0.0000000000d0 
        4.5000000000d0         0.5000000000d0         0.0000000000d0 
        5.0000000000d0         0.5000000000d0         0.0000000000d0 
!! 
!! 
!! surface: connectivities (1, 2, 3, 4). 
13 12 1 2 
14 13 2 3 
15 14 3 4 
16 15 4 5 
17 16 5 6 
18 17 6 7 
19 18 7 8 
20 19 8 9 
21 20 9 10 
22 21 10 11 
24 23 12 13 
25 24 13 14 
26 25 14 15 
27 26 15 16 
28 27 16 17 
29 28 17 18 
30 29 18 19 
31 30 19 20 
32 31 20 21 
33 32 21 22 
35 34 23 24 
36 35 24 25 
37 36 25 26 
38 37 26 27 
39 38 27 28 
40 39 28 29 
41 40 29 30 
42 41 30 31 
43 42 31 32 
44 43 32 33 
