!!
!!
!!number of beams (1), number of cross-section properties (2).
1 1
!!
!!
!!1st beam: number of nodes (1), number of elements (2).
21 20
!!
!!
!!1st beam: nodal phi (1, 2, 3), nodal d1 (4, 5, 6), nodal d2 (7, 8, 9), nodal d3 (10, 11, 12). 
 0.000	0.000	2.000	1	0	0	0	1	0	0	0	1
 0.000	0.000	2.100	1	0	0	0	1	0	0	0	1
 0.000	0.000	2.200	1	0	0	0	1	0	0	0	1
 0.000	0.000	2.300	1	0	0	0	1	0	0	0	1
 0.000	0.000	2.400	1	0	0	0	1	0	0	0	1
 0.000	0.000	2.500	1	0	0	0	1	0	0	0	1
 0.000	0.000	2.600	1	0	0	0	1	0	0	0	1
 0.000	0.000	2.700	1	0	0	0	1	0	0	0	1
 0.000	0.000	2.800	1	0	0	0	1	0	0	0	1
 0.000	0.000	2.900	1	0	0	0	1	0	0	0	1
 0.000	0.000	3.000	1	0	0	0	1	0	0	0	1
 0.000	0.000	3.100	1	0	0	0	1	0	0	0	1
 0.000	0.000	3.200	1	0	0	0	1	0	0	0	1
 0.000	0.000	3.300	1	0	0	0	1	0	0	0	1
 0.000	0.000	3.400	1	0	0	0	1	0	0	0	1
 0.000	0.000	3.500	1	0	0	0	1	0	0	0	1
 0.000	0.000	3.600	1	0	0	0	1	0	0	0	1
 0.000	0.000	3.700	1	0	0	0	1	0	0	0	1
 0.000	0.000	3.800	1	0	0	0	1	0	0	0	1
 0.000	0.000	3.900	1	0	0	0	1	0	0	0	1
 0.000	0.000	4.000	1	0	0	0	1	0	0	0	1
!!
!!
!!1st beam: connectivities (1, 2), cross-section property (3).
 1  2  1 
 2  3  1
 3  4  1
 4  5  1
 5  6  1
 6  7  1
 7  8  1
 8  9  1
 9  10 1
 10 11 1
 11 12 1
 12 13 1
 13 14 1
 14 15 1
 15 16 1
 16 17 1
 17 18 1
 18 19 1
 19 20 1
 20 21 1 
!!
!!
!!cross-section property #1: row 1: EA, GA1, GA2, EI1, EI2, GIP, ES1, ES2, GS1, GS2, ES12; row 2: rhoA, rhoI1, rhoI2, rhoS1, rhoS2, rhoS12; row 3: alpha_s alpha_v
2375000000.000000	904780000.000000	904780000.000000	9737700.000000	9737700.000000	7419200.000000	  0.000000	  0.000000	  0.000000	  0.000000	  0.000000
88.781000	  0.364000	  0.364000	  0.000000	  0.000000	  0.000000
0.000000	  0.000000
