!!
!!
!!number of constraints for nodes with 6 coordinates.
12
!!
!!
!!constraints for nodes with 6 coordinates: sort (1), nodes (2, 3), phi1 (4, 5, 6), phi2 (7, 8, 9), dir (10, 11, 12)
revolutesupport  1     0     0.0000000000  0.0000000000  0.0000000000  0.0000000000  0.0000000000  0.0000000000   0.0000000000  0.0000000000  0.0000000000
revolutesupport  2     0     0.0000000000  0.0000000000  0.0000000000  0.0000000000  0.0000000000  0.0000000000   0.0000000000  0.0000000000  0.0000000000
revolutesupport  3     0     0.0000000000  0.0000000000  0.0000000000  0.0000000000  0.0000000000  0.0000000000   0.0000000000  0.0000000000  0.0000000000
revolutesupport  4     0     0.0000000000  0.0000000000  0.0000000000  0.0000000000  0.0000000000  0.0000000000   0.0000000000  0.0000000000  0.0000000000
revolutesupport  125   0   0.0000000000  0.0000000000  0.0000000000  0.0000000000  0.0000000000  0.0000000000   0.0000000000  0.0000000000  0.0000000000
revolutesupport  126   0   0.0000000000  0.0000000000  0.0000000000  0.0000000000  0.0000000000  0.0000000000   0.0000000000  0.0000000000  0.0000000000
revolutesupport  127   0   0.0000000000  0.0000000000  0.0000000000  0.0000000000  0.0000000000  0.0000000000   0.0000000000  0.0000000000  0.0000000000
revolutesupport  218   0   0.0000000000  0.0000000000  0.0000000000  0.0000000000  0.0000000000  0.0000000000   0.0000000000  0.0000000000  0.0000000000
revolutesupport  219   0   0.0000000000  0.0000000000  0.0000000000  0.0000000000  0.0000000000  0.0000000000   0.0000000000  0.0000000000  0.0000000000
revolutesupport  220   0   0.0000000000  0.0000000000  0.0000000000  0.0000000000  0.0000000000  0.0000000000   0.0000000000  0.0000000000  0.0000000000
revolutesupport  311   0   0.0000000000  0.0000000000  0.0000000000  0.0000000000  0.0000000000  0.0000000000   0.0000000000  0.0000000000  0.0000000000
revolutesupport  312   0   0.0000000000  0.0000000000  0.0000000000  0.0000000000  0.0000000000  0.0000000000   0.0000000000  0.0000000000  0.0000000000