!!
!!
!!number of shells (1), number of material cross-section properties (2)
1 1 1
!!
!!
!!1st shell: number of nodes (1), number of elements (2).	
372 360
!!
!!
!!1st shell: nodal phi (1, 2, 3), nodal d (4, 5, 6).
0.090000	0.000000	0.000000	1.000000	0.000000	0.000000
0.000000	0.090000	0.000000	0.000000	1.000000	0.000000
0.077942	0.045000	0.000000	0.866025	0.500000	0.000000
0.045000	0.077942	0.000000	0.500000	0.866025	0.000000
0.000000	0.090000	2.000000	0.000000	1.000000	0.000000
0.000000	0.090000	0.066667	0.000000	1.000000	0.000000
0.000000	0.090000	0.133330	0.000000	1.000000	0.000000
0.000000	0.090000	0.200000	0.000000	1.000000	0.000000
0.000000	0.090000	0.266670	0.000000	1.000000	0.000000
0.000000	0.090000	0.333330	0.000000	1.000000	0.000000
0.000000	0.090000	0.400000	0.000000	1.000000	0.000000
0.000000	0.090000	0.466670	0.000000	1.000000	0.000000
0.000000	0.090000	0.533330	0.000000	1.000000	0.000000
0.000000	0.090000	0.600000	0.000000	1.000000	0.000000
0.000000	0.090000	0.666670	0.000000	1.000000	0.000000
0.000000	0.090000	0.733330	0.000000	1.000000	0.000000
0.000000	0.090000	0.800000	0.000000	1.000000	0.000000
0.000000	0.090000	0.866670	0.000000	1.000000	0.000000
0.000000	0.090000	0.933330	0.000000	1.000000	0.000000
0.000000	0.090000	1.000000	0.000000	1.000000	0.000000
0.000000	0.090000	1.066700	0.000000	1.000000	0.000000
0.000000	0.090000	1.133300	0.000000	1.000000	0.000000
0.000000	0.090000	1.200000	0.000000	1.000000	0.000000
0.000000	0.090000	1.266700	0.000000	1.000000	0.000000
0.000000	0.090000	1.333300	0.000000	1.000000	0.000000
0.000000	0.090000	1.400000	0.000000	1.000000	0.000000
0.000000	0.090000	1.466700	0.000000	1.000000	0.000000
0.000000	0.090000	1.533300	0.000000	1.000000	0.000000
0.000000	0.090000	1.600000	0.000000	1.000000	0.000000
0.000000	0.090000	1.666700	0.000000	1.000000	0.000000
0.000000	0.090000	1.733300	0.000000	1.000000	0.000000
0.000000	0.090000	1.800000	0.000000	1.000000	0.000000
0.000000	0.090000	1.866700	0.000000	1.000000	0.000000
0.000000	0.090000	1.933300	0.000000	1.000000	0.000000
0.090000	0.000000	2.000000	1.000000	0.000000	0.000000
0.077942	0.045000	2.000000	0.866025	0.500000	0.000000
0.045000	0.077942	2.000000	0.500000	0.866025	0.000000
0.090000	0.000000	0.066667	1.000000	0.000000	0.000000
0.090000	0.000000	0.133330	1.000000	0.000000	0.000000
0.090000	0.000000	0.200000	1.000000	0.000000	0.000000
0.090000	0.000000	0.266670	1.000000	0.000000	0.000000
0.090000	0.000000	0.333330	1.000000	0.000000	0.000000
0.090000	0.000000	0.400000	1.000000	0.000000	0.000000
0.090000	0.000000	0.466670	1.000000	0.000000	0.000000
0.090000	0.000000	0.533330	1.000000	0.000000	0.000000
0.090000	0.000000	0.600000	1.000000	0.000000	0.000000
0.090000	0.000000	0.666670	1.000000	0.000000	0.000000
0.090000	0.000000	0.733330	1.000000	0.000000	0.000000
0.090000	0.000000	0.800000	1.000000	0.000000	0.000000
0.090000	0.000000	0.866670	1.000000	0.000000	0.000000
0.090000	0.000000	0.933330	1.000000	0.000000	0.000000
0.090000	0.000000	1.000000	1.000000	0.000000	0.000000
0.090000	0.000000	1.066700	1.000000	0.000000	0.000000
0.090000	0.000000	1.133300	1.000000	0.000000	0.000000
0.090000	0.000000	1.200000	1.000000	0.000000	0.000000
0.090000	0.000000	1.266700	1.000000	0.000000	0.000000
0.090000	0.000000	1.333300	1.000000	0.000000	0.000000
0.090000	0.000000	1.400000	1.000000	0.000000	0.000000
0.090000	0.000000	1.466700	1.000000	0.000000	0.000000
0.090000	0.000000	1.533300	1.000000	0.000000	0.000000
0.090000	0.000000	1.600000	1.000000	0.000000	0.000000
0.090000	0.000000	1.666700	1.000000	0.000000	0.000000
0.090000	0.000000	1.733300	1.000000	0.000000	0.000000
0.090000	0.000000	1.800000	1.000000	0.000000	0.000000
0.090000	0.000000	1.866700	1.000000	0.000000	0.000000
0.090000	0.000000	1.933300	1.000000	0.000000	0.000000
0.077942	0.045000	0.066667	0.866025	0.500000	0.000000
0.077942	0.045000	0.133330	0.866025	0.500000	0.000000
0.077942	0.045000	0.200000	0.866025	0.500000	0.000000
0.077942	0.045000	0.266670	0.866025	0.500000	0.000000
0.077942	0.045000	0.333330	0.866025	0.500000	0.000000
0.077942	0.045000	0.400000	0.866025	0.500000	0.000000
0.077942	0.045000	0.466670	0.866025	0.500000	0.000000
0.077942	0.045000	0.533330	0.866025	0.500000	0.000000
0.077942	0.045000	0.600000	0.866025	0.500000	0.000000
0.077942	0.045000	0.666670	0.866025	0.500000	0.000000
0.077942	0.045000	0.733330	0.866025	0.500000	0.000000
0.077942	0.045000	0.800000	0.866025	0.500000	0.000000
0.077942	0.045000	0.866670	0.866025	0.500000	0.000000
0.077942	0.045000	0.933330	0.866025	0.500000	0.000000
0.077942	0.045000	1.000000	0.866025	0.500000	0.000000
0.077942	0.045000	1.066700	0.866025	0.500000	0.000000
0.077942	0.045000	1.133300	0.866025	0.500000	0.000000
0.077942	0.045000	1.200000	0.866025	0.500000	0.000000
0.077942	0.045000	1.266700	0.866025	0.500000	0.000000
0.077942	0.045000	1.333300	0.866025	0.500000	0.000000
0.077942	0.045000	1.400000	0.866025	0.500000	0.000000
0.077942	0.045000	1.466700	0.866025	0.500000	0.000000
0.077942	0.045000	1.533300	0.866025	0.500000	0.000000
0.077942	0.045000	1.600000	0.866025	0.500000	0.000000
0.077942	0.045000	1.666700	0.866025	0.500000	0.000000
0.077942	0.045000	1.733300	0.866025	0.500000	0.000000
0.077942	0.045000	1.800000	0.866025	0.500000	0.000000
0.077942	0.045000	1.866700	0.866025	0.500000	0.000000
0.077942	0.045000	1.933300	0.866025	0.500000	0.000000
0.045000	0.077942	0.066667	0.500000	0.866025	0.000000
0.045000	0.077942	0.133330	0.500000	0.866025	0.000000
0.045000	0.077942	0.200000	0.500000	0.866025	0.000000
0.045000	0.077942	0.266670	0.500000	0.866025	0.000000
0.045000	0.077942	0.333330	0.500000	0.866025	0.000000
0.045000	0.077942	0.400000	0.500000	0.866025	0.000000
0.045000	0.077942	0.466670	0.500000	0.866025	0.000000
0.045000	0.077942	0.533330	0.500000	0.866025	0.000000
0.045000	0.077942	0.600000	0.500000	0.866025	0.000000
0.045000	0.077942	0.666670	0.500000	0.866025	0.000000
0.045000	0.077942	0.733330	0.500000	0.866025	0.000000
0.045000	0.077942	0.800000	0.500000	0.866025	0.000000
0.045000	0.077942	0.866670	0.500000	0.866025	0.000000
0.045000	0.077942	0.933330	0.500000	0.866025	0.000000
0.045000	0.077942	1.000000	0.500000	0.866025	0.000000
0.045000	0.077942	1.066700	0.500000	0.866025	0.000000
0.045000	0.077942	1.133300	0.500000	0.866025	0.000000
0.045000	0.077942	1.200000	0.500000	0.866025	0.000000
0.045000	0.077942	1.266700	0.500000	0.866025	0.000000
0.045000	0.077942	1.333300	0.500000	0.866025	0.000000
0.045000	0.077942	1.400000	0.500000	0.866025	0.000000
0.045000	0.077942	1.466700	0.500000	0.866025	0.000000
0.045000	0.077942	1.533300	0.500000	0.866025	0.000000
0.045000	0.077942	1.600000	0.500000	0.866025	0.000000
0.045000	0.077942	1.666700	0.500000	0.866025	0.000000
0.045000	0.077942	1.733300	0.500000	0.866025	0.000000
0.045000	0.077942	1.800000	0.500000	0.866025	0.000000
0.045000	0.077942	1.866700	0.500000	0.866025	0.000000
0.045000	0.077942	1.933300	0.500000	0.866025	0.000000
-0.090000	0.000000	0.000000	-1.000000	0.000000	0.000000
-0.045000	0.077942	0.000000	-0.500000	0.866025	0.000000
-0.077942	0.045000	0.000000	-0.866025	0.500000	0.000000
-0.090000	0.000000	2.000000	-1.000000	0.000000	0.000000
-0.090000	0.000000	0.066667	-1.000000	0.000000	0.000000
-0.090000	0.000000	0.133330	-1.000000	0.000000	0.000000
-0.090000	0.000000	0.200000	-1.000000	0.000000	0.000000
-0.090000	0.000000	0.266670	-1.000000	0.000000	0.000000
-0.090000	0.000000	0.333330	-1.000000	0.000000	0.000000
-0.090000	0.000000	0.400000	-1.000000	0.000000	0.000000
-0.090000	0.000000	0.466670	-1.000000	0.000000	0.000000
-0.090000	0.000000	0.533330	-1.000000	0.000000	0.000000
-0.090000	0.000000	0.600000	-1.000000	0.000000	0.000000
-0.090000	0.000000	0.666670	-1.000000	0.000000	0.000000
-0.090000	0.000000	0.733330	-1.000000	0.000000	0.000000
-0.090000	0.000000	0.800000	-1.000000	0.000000	0.000000
-0.090000	0.000000	0.866670	-1.000000	0.000000	0.000000
-0.090000	0.000000	0.933330	-1.000000	0.000000	0.000000
-0.090000	0.000000	1.000000	-1.000000	0.000000	0.000000
-0.090000	0.000000	1.066700	-1.000000	0.000000	0.000000
-0.090000	0.000000	1.133300	-1.000000	0.000000	0.000000
-0.090000	0.000000	1.200000	-1.000000	0.000000	0.000000
-0.090000	0.000000	1.266700	-1.000000	0.000000	0.000000
-0.090000	0.000000	1.333300	-1.000000	0.000000	0.000000
-0.090000	0.000000	1.400000	-1.000000	0.000000	0.000000
-0.090000	0.000000	1.466700	-1.000000	0.000000	0.000000
-0.090000	0.000000	1.533300	-1.000000	0.000000	0.000000
-0.090000	0.000000	1.600000	-1.000000	0.000000	0.000000
-0.090000	0.000000	1.666700	-1.000000	0.000000	0.000000
-0.090000	0.000000	1.733300	-1.000000	0.000000	0.000000
-0.090000	0.000000	1.800000	-1.000000	0.000000	0.000000
-0.090000	0.000000	1.866700	-1.000000	0.000000	0.000000
-0.090000	0.000000	1.933300	-1.000000	0.000000	0.000000
-0.045000	0.077942	2.000000	-0.500000	0.866025	0.000000
-0.077942	0.045000	2.000000	-0.866025	0.500000	0.000000
-0.045000	0.077942	0.066667	-0.500000	0.866025	0.000000
-0.045000	0.077942	0.133330	-0.500000	0.866025	0.000000
-0.045000	0.077942	0.200000	-0.500000	0.866025	0.000000
-0.045000	0.077942	0.266670	-0.500000	0.866025	0.000000
-0.045000	0.077942	0.333330	-0.500000	0.866025	0.000000
-0.045000	0.077942	0.400000	-0.500000	0.866025	0.000000
-0.045000	0.077942	0.466670	-0.500000	0.866025	0.000000
-0.045000	0.077942	0.533330	-0.500000	0.866025	0.000000
-0.045000	0.077942	0.600000	-0.500000	0.866025	0.000000
-0.045000	0.077942	0.666670	-0.500000	0.866025	0.000000
-0.045000	0.077942	0.733330	-0.500000	0.866025	0.000000
-0.045000	0.077942	0.800000	-0.500000	0.866025	0.000000
-0.045000	0.077942	0.866670	-0.500000	0.866025	0.000000
-0.045000	0.077942	0.933330	-0.500000	0.866025	0.000000
-0.045000	0.077942	1.000000	-0.500000	0.866025	0.000000
-0.045000	0.077942	1.066700	-0.500000	0.866025	0.000000
-0.045000	0.077942	1.133300	-0.500000	0.866025	0.000000
-0.045000	0.077942	1.200000	-0.500000	0.866025	0.000000
-0.045000	0.077942	1.266700	-0.500000	0.866025	0.000000
-0.045000	0.077942	1.333300	-0.500000	0.866025	0.000000
-0.045000	0.077942	1.400000	-0.500000	0.866025	0.000000
-0.045000	0.077942	1.466700	-0.500000	0.866025	0.000000
-0.045000	0.077942	1.533300	-0.500000	0.866025	0.000000
-0.045000	0.077942	1.600000	-0.500000	0.866025	0.000000
-0.045000	0.077942	1.666700	-0.500000	0.866025	0.000000
-0.045000	0.077942	1.733300	-0.500000	0.866025	0.000000
-0.045000	0.077942	1.800000	-0.500000	0.866025	0.000000
-0.045000	0.077942	1.866700	-0.500000	0.866025	0.000000
-0.045000	0.077942	1.933300	-0.500000	0.866025	0.000000
-0.077942	0.045000	0.066667	-0.866025	0.500000	0.000000
-0.077942	0.045000	0.133330	-0.866025	0.500000	0.000000
-0.077942	0.045000	0.200000	-0.866025	0.500000	0.000000
-0.077942	0.045000	0.266670	-0.866025	0.500000	0.000000
-0.077942	0.045000	0.333330	-0.866025	0.500000	0.000000
-0.077942	0.045000	0.400000	-0.866025	0.500000	0.000000
-0.077942	0.045000	0.466670	-0.866025	0.500000	0.000000
-0.077942	0.045000	0.533330	-0.866025	0.500000	0.000000
-0.077942	0.045000	0.600000	-0.866025	0.500000	0.000000
-0.077942	0.045000	0.666670	-0.866025	0.500000	0.000000
-0.077942	0.045000	0.733330	-0.866025	0.500000	0.000000
-0.077942	0.045000	0.800000	-0.866025	0.500000	0.000000
-0.077942	0.045000	0.866670	-0.866025	0.500000	0.000000
-0.077942	0.045000	0.933330	-0.866025	0.500000	0.000000
-0.077942	0.045000	1.000000	-0.866025	0.500000	0.000000
-0.077942	0.045000	1.066700	-0.866025	0.500000	0.000000
-0.077942	0.045000	1.133300	-0.866025	0.500000	0.000000
-0.077942	0.045000	1.200000	-0.866025	0.500000	0.000000
-0.077942	0.045000	1.266700	-0.866025	0.500000	0.000000
-0.077942	0.045000	1.333300	-0.866025	0.500000	0.000000
-0.077942	0.045000	1.400000	-0.866025	0.500000	0.000000
-0.077942	0.045000	1.466700	-0.866025	0.500000	0.000000
-0.077942	0.045000	1.533300	-0.866025	0.500000	0.000000
-0.077942	0.045000	1.600000	-0.866025	0.500000	0.000000
-0.077942	0.045000	1.666700	-0.866025	0.500000	0.000000
-0.077942	0.045000	1.733300	-0.866025	0.500000	0.000000
-0.077942	0.045000	1.800000	-0.866025	0.500000	0.000000
-0.077942	0.045000	1.866700	-0.866025	0.500000	0.000000
-0.077942	0.045000	1.933300	-0.866025	0.500000	0.000000
0.000000	-0.090000	0.000000	0.000000	-1.000000	0.000000
-0.077942	-0.045000	0.000000	-0.866025	-0.500000	0.000000
-0.045000	-0.077942	0.000000	-0.500000	-0.866025	0.000000
0.000000	-0.090000	2.000000	0.000000	-1.000000	0.000000
0.000000	-0.090000	0.066667	0.000000	-1.000000	0.000000
0.000000	-0.090000	0.133330	0.000000	-1.000000	0.000000
0.000000	-0.090000	0.200000	0.000000	-1.000000	0.000000
0.000000	-0.090000	0.266670	0.000000	-1.000000	0.000000
0.000000	-0.090000	0.333330	0.000000	-1.000000	0.000000
0.000000	-0.090000	0.400000	0.000000	-1.000000	0.000000
0.000000	-0.090000	0.466670	0.000000	-1.000000	0.000000
0.000000	-0.090000	0.533330	0.000000	-1.000000	0.000000
0.000000	-0.090000	0.600000	0.000000	-1.000000	0.000000
0.000000	-0.090000	0.666670	0.000000	-1.000000	0.000000
0.000000	-0.090000	0.733330	0.000000	-1.000000	0.000000
0.000000	-0.090000	0.800000	0.000000	-1.000000	0.000000
0.000000	-0.090000	0.866670	0.000000	-1.000000	0.000000
0.000000	-0.090000	0.933330	0.000000	-1.000000	0.000000
0.000000	-0.090000	1.000000	0.000000	-1.000000	0.000000
0.000000	-0.090000	1.066700	0.000000	-1.000000	0.000000
0.000000	-0.090000	1.133300	0.000000	-1.000000	0.000000
0.000000	-0.090000	1.200000	0.000000	-1.000000	0.000000
0.000000	-0.090000	1.266700	0.000000	-1.000000	0.000000
0.000000	-0.090000	1.333300	0.000000	-1.000000	0.000000
0.000000	-0.090000	1.400000	0.000000	-1.000000	0.000000
0.000000	-0.090000	1.466700	0.000000	-1.000000	0.000000
0.000000	-0.090000	1.533300	0.000000	-1.000000	0.000000
0.000000	-0.090000	1.600000	0.000000	-1.000000	0.000000
0.000000	-0.090000	1.666700	0.000000	-1.000000	0.000000
0.000000	-0.090000	1.733300	0.000000	-1.000000	0.000000
0.000000	-0.090000	1.800000	0.000000	-1.000000	0.000000
0.000000	-0.090000	1.866700	0.000000	-1.000000	0.000000
0.000000	-0.090000	1.933300	0.000000	-1.000000	0.000000
-0.077942	-0.045000	2.000000	-0.866025	-0.500000	0.000000
-0.045000	-0.077942	2.000000	-0.500000	-0.866025	0.000000
-0.077942	-0.045000	0.066667	-0.866025	-0.500000	0.000000
-0.077942	-0.045000	0.133330	-0.866025	-0.500000	0.000000
-0.077942	-0.045000	0.200000	-0.866025	-0.500000	0.000000
-0.077942	-0.045000	0.266670	-0.866025	-0.500000	0.000000
-0.077942	-0.045000	0.333330	-0.866025	-0.500000	0.000000
-0.077942	-0.045000	0.400000	-0.866025	-0.500000	0.000000
-0.077942	-0.045000	0.466670	-0.866025	-0.500000	0.000000
-0.077942	-0.045000	0.533330	-0.866025	-0.500000	0.000000
-0.077942	-0.045000	0.600000	-0.866025	-0.500000	0.000000
-0.077942	-0.045000	0.666670	-0.866025	-0.500000	0.000000
-0.077942	-0.045000	0.733330	-0.866025	-0.500000	0.000000
-0.077942	-0.045000	0.800000	-0.866025	-0.500000	0.000000
-0.077942	-0.045000	0.866670	-0.866025	-0.500000	0.000000
-0.077942	-0.045000	0.933330	-0.866025	-0.500000	0.000000
-0.077942	-0.045000	1.000000	-0.866025	-0.500000	0.000000
-0.077942	-0.045000	1.066700	-0.866025	-0.500000	0.000000
-0.077942	-0.045000	1.133300	-0.866025	-0.500000	0.000000
-0.077942	-0.045000	1.200000	-0.866025	-0.500000	0.000000
-0.077942	-0.045000	1.266700	-0.866025	-0.500000	0.000000
-0.077942	-0.045000	1.333300	-0.866025	-0.500000	0.000000
-0.077942	-0.045000	1.400000	-0.866025	-0.500000	0.000000
-0.077942	-0.045000	1.466700	-0.866025	-0.500000	0.000000
-0.077942	-0.045000	1.533300	-0.866025	-0.500000	0.000000
-0.077942	-0.045000	1.600000	-0.866025	-0.500000	0.000000
-0.077942	-0.045000	1.666700	-0.866025	-0.500000	0.000000
-0.077942	-0.045000	1.733300	-0.866025	-0.500000	0.000000
-0.077942	-0.045000	1.800000	-0.866025	-0.500000	0.000000
-0.077942	-0.045000	1.866700	-0.866025	-0.500000	0.000000
-0.077942	-0.045000	1.933300	-0.866025	-0.500000	0.000000
-0.045000	-0.077942	0.066667	-0.500000	-0.866025	0.000000
-0.045000	-0.077942	0.133330	-0.500000	-0.866025	0.000000
-0.045000	-0.077942	0.200000	-0.500000	-0.866025	0.000000
-0.045000	-0.077942	0.266670	-0.500000	-0.866025	0.000000
-0.045000	-0.077942	0.333330	-0.500000	-0.866025	0.000000
-0.045000	-0.077942	0.400000	-0.500000	-0.866025	0.000000
-0.045000	-0.077942	0.466670	-0.500000	-0.866025	0.000000
-0.045000	-0.077942	0.533330	-0.500000	-0.866025	0.000000
-0.045000	-0.077942	0.600000	-0.500000	-0.866025	0.000000
-0.045000	-0.077942	0.666670	-0.500000	-0.866025	0.000000
-0.045000	-0.077942	0.733330	-0.500000	-0.866025	0.000000
-0.045000	-0.077942	0.800000	-0.500000	-0.866025	0.000000
-0.045000	-0.077942	0.866670	-0.500000	-0.866025	0.000000
-0.045000	-0.077942	0.933330	-0.500000	-0.866025	0.000000
-0.045000	-0.077942	1.000000	-0.500000	-0.866025	0.000000
-0.045000	-0.077942	1.066700	-0.500000	-0.866025	0.000000
-0.045000	-0.077942	1.133300	-0.500000	-0.866025	0.000000
-0.045000	-0.077942	1.200000	-0.500000	-0.866025	0.000000
-0.045000	-0.077942	1.266700	-0.500000	-0.866025	0.000000
-0.045000	-0.077942	1.333300	-0.500000	-0.866025	0.000000
-0.045000	-0.077942	1.400000	-0.500000	-0.866025	0.000000
-0.045000	-0.077942	1.466700	-0.500000	-0.866025	0.000000
-0.045000	-0.077942	1.533300	-0.500000	-0.866025	0.000000
-0.045000	-0.077942	1.600000	-0.500000	-0.866025	0.000000
-0.045000	-0.077942	1.666700	-0.500000	-0.866025	0.000000
-0.045000	-0.077942	1.733300	-0.500000	-0.866025	0.000000
-0.045000	-0.077942	1.800000	-0.500000	-0.866025	0.000000
-0.045000	-0.077942	1.866700	-0.500000	-0.866025	0.000000
-0.045000	-0.077942	1.933300	-0.500000	-0.866025	0.000000
0.045000	-0.077942	0.000000	0.500000	-0.866025	0.000000
0.077942	-0.045000	0.000000	0.866025	-0.500000	0.000000
0.045000	-0.077942	2.000000	0.500000	-0.866025	0.000000
0.077942	-0.045000	2.000000	0.866025	-0.500000	0.000000
0.045000	-0.077942	0.066667	0.500000	-0.866025	0.000000
0.045000	-0.077942	0.133330	0.500000	-0.866025	0.000000
0.045000	-0.077942	0.200000	0.500000	-0.866025	0.000000
0.045000	-0.077942	0.266670	0.500000	-0.866025	0.000000
0.045000	-0.077942	0.333330	0.500000	-0.866025	0.000000
0.045000	-0.077942	0.400000	0.500000	-0.866025	0.000000
0.045000	-0.077942	0.466670	0.500000	-0.866025	0.000000
0.045000	-0.077942	0.533330	0.500000	-0.866025	0.000000
0.045000	-0.077942	0.600000	0.500000	-0.866025	0.000000
0.045000	-0.077942	0.666670	0.500000	-0.866025	0.000000
0.045000	-0.077942	0.733330	0.500000	-0.866025	0.000000
0.045000	-0.077942	0.800000	0.500000	-0.866025	0.000000
0.045000	-0.077942	0.866670	0.500000	-0.866025	0.000000
0.045000	-0.077942	0.933330	0.500000	-0.866025	0.000000
0.045000	-0.077942	1.000000	0.500000	-0.866025	0.000000
0.045000	-0.077942	1.066700	0.500000	-0.866025	0.000000
0.045000	-0.077942	1.133300	0.500000	-0.866025	0.000000
0.045000	-0.077942	1.200000	0.500000	-0.866025	0.000000
0.045000	-0.077942	1.266700	0.500000	-0.866025	0.000000
0.045000	-0.077942	1.333300	0.500000	-0.866025	0.000000
0.045000	-0.077942	1.400000	0.500000	-0.866025	0.000000
0.045000	-0.077942	1.466700	0.500000	-0.866025	0.000000
0.045000	-0.077942	1.533300	0.500000	-0.866025	0.000000
0.045000	-0.077942	1.600000	0.500000	-0.866025	0.000000
0.045000	-0.077942	1.666700	0.500000	-0.866025	0.000000
0.045000	-0.077942	1.733300	0.500000	-0.866025	0.000000
0.045000	-0.077942	1.800000	0.500000	-0.866025	0.000000
0.045000	-0.077942	1.866700	0.500000	-0.866025	0.000000
0.045000	-0.077942	1.933300	0.500000	-0.866025	0.000000
0.077942	-0.045000	0.066667	0.866025	-0.500000	0.000000
0.077942	-0.045000	0.133330	0.866025	-0.500000	0.000000
0.077942	-0.045000	0.200000	0.866025	-0.500000	0.000000
0.077942	-0.045000	0.266670	0.866025	-0.500000	0.000000
0.077942	-0.045000	0.333330	0.866025	-0.500000	0.000000
0.077942	-0.045000	0.400000	0.866025	-0.500000	0.000000
0.077942	-0.045000	0.466670	0.866025	-0.500000	0.000000
0.077942	-0.045000	0.533330	0.866025	-0.500000	0.000000
0.077942	-0.045000	0.600000	0.866025	-0.500000	0.000000
0.077942	-0.045000	0.666670	0.866025	-0.500000	0.000000
0.077942	-0.045000	0.733330	0.866025	-0.500000	0.000000
0.077942	-0.045000	0.800000	0.866025	-0.500000	0.000000
0.077942	-0.045000	0.866670	0.866025	-0.500000	0.000000
0.077942	-0.045000	0.933330	0.866025	-0.500000	0.000000
0.077942	-0.045000	1.000000	0.866025	-0.500000	0.000000
0.077942	-0.045000	1.066700	0.866025	-0.500000	0.000000
0.077942	-0.045000	1.133300	0.866025	-0.500000	0.000000
0.077942	-0.045000	1.200000	0.866025	-0.500000	0.000000
0.077942	-0.045000	1.266700	0.866025	-0.500000	0.000000
0.077942	-0.045000	1.333300	0.866025	-0.500000	0.000000
0.077942	-0.045000	1.400000	0.866025	-0.500000	0.000000
0.077942	-0.045000	1.466700	0.866025	-0.500000	0.000000
0.077942	-0.045000	1.533300	0.866025	-0.500000	0.000000
0.077942	-0.045000	1.600000	0.866025	-0.500000	0.000000
0.077942	-0.045000	1.666700	0.866025	-0.500000	0.000000
0.077942	-0.045000	1.733300	0.866025	-0.500000	0.000000
0.077942	-0.045000	1.800000	0.866025	-0.500000	0.000000
0.077942	-0.045000	1.866700	0.866025	-0.500000	0.000000
0.077942	-0.045000	1.933300	0.866025	-0.500000	0.000000
!!
!!
!!1st shell: connectivities (1, 2, 3, 4), material property (5).
1	3	67	38	1
3	4	96	67	1
4	2	6	96	1
38	67	68	39	1
67	96	97	68	1
96	6	7	97	1
39	68	69	40	1
68	97	98	69	1
97	7	8	98	1
40	69	70	41	1
69	98	99	70	1
98	8	9	99	1
41	70	71	42	1
70	99	100	71	1
99	9	10	100	1
42	71	72	43	1
71	100	101	72	1
100	10	11	101	1
43	72	73	44	1
72	101	102	73	1
101	11	12	102	1
44	73	74	45	1
73	102	103	74	1
102	12	13	103	1
45	74	75	46	1
74	103	104	75	1
103	13	14	104	1
46	75	76	47	1
75	104	105	76	1
104	14	15	105	1
47	76	77	48	1
76	105	106	77	1
105	15	16	106	1
48	77	78	49	1
77	106	107	78	1
106	16	17	107	1
49	78	79	50	1
78	107	108	79	1
107	17	18	108	1
50	79	80	51	1
79	108	109	80	1
108	18	19	109	1
51	80	81	52	1
80	109	110	81	1
109	19	20	110	1
52	81	82	53	1
81	110	111	82	1
110	20	21	111	1
53	82	83	54	1
82	111	112	83	1
111	21	22	112	1
54	83	84	55	1
83	112	113	84	1
112	22	23	113	1
55	84	85	56	1
84	113	114	85	1
113	23	24	114	1
56	85	86	57	1
85	114	115	86	1
114	24	25	115	1
57	86	87	58	1
86	115	116	87	1
115	25	26	116	1
58	87	88	59	1
87	116	117	88	1
116	26	27	117	1
59	88	89	60	1
88	117	118	89	1
117	27	28	118	1
60	89	90	61	1
89	118	119	90	1
118	28	29	119	1
61	90	91	62	1
90	119	120	91	1
119	29	30	120	1
62	91	92	63	1
91	120	121	92	1
120	30	31	121	1
63	92	93	64	1
92	121	122	93	1
121	31	32	122	1
64	93	94	65	1
93	122	123	94	1
122	32	33	123	1
65	94	95	66	1
94	123	124	95	1
123	33	34	124	1
66	95	36	35	1
95	124	37	36	1
124	34	5	37	1
2	126	160	6	1
126	127	189	160	1
127	125	129	189	1
6	160	161	7	1
160	189	190	161	1
189	129	130	190	1
7	161	162	8	1
161	190	191	162	1
190	130	131	191	1
8	162	163	9	1
162	191	192	163	1
191	131	132	192	1
9	163	164	10	1
163	192	193	164	1
192	132	133	193	1
10	164	165	11	1
164	193	194	165	1
193	133	134	194	1
11	165	166	12	1
165	194	195	166	1
194	134	135	195	1
12	166	167	13	1
166	195	196	167	1
195	135	136	196	1
13	167	168	14	1
167	196	197	168	1
196	136	137	197	1
14	168	169	15	1
168	197	198	169	1
197	137	138	198	1
15	169	170	16	1
169	198	199	170	1
198	138	139	199	1
16	170	171	17	1
170	199	200	171	1
199	139	140	200	1
17	171	172	18	1
171	200	201	172	1
200	140	141	201	1
18	172	173	19	1
172	201	202	173	1
201	141	142	202	1
19	173	174	20	1
173	202	203	174	1
202	142	143	203	1
20	174	175	21	1
174	203	204	175	1
203	143	144	204	1
21	175	176	22	1
175	204	205	176	1
204	144	145	205	1
22	176	177	23	1
176	205	206	177	1
205	145	146	206	1
23	177	178	24	1
177	206	207	178	1
206	146	147	207	1
24	178	179	25	1
178	207	208	179	1
207	147	148	208	1
25	179	180	26	1
179	208	209	180	1
208	148	149	209	1
26	180	181	27	1
180	209	210	181	1
209	149	150	210	1
27	181	182	28	1
181	210	211	182	1
210	150	151	211	1
28	182	183	29	1
182	211	212	183	1
211	151	152	212	1
29	183	184	30	1
183	212	213	184	1
212	152	153	213	1
30	184	185	31	1
184	213	214	185	1
213	153	154	214	1
31	185	186	32	1
185	214	215	186	1
214	154	155	215	1
32	186	187	33	1
186	215	216	187	1
215	155	156	216	1
33	187	188	34	1
187	216	217	188	1
216	156	157	217	1
34	188	158	5	1
188	217	159	158	1
217	157	128	159	1
125	219	253	129	1
219	220	282	253	1
220	218	222	282	1
129	253	254	130	1
253	282	283	254	1
282	222	223	283	1
130	254	255	131	1
254	283	284	255	1
283	223	224	284	1
131	255	256	132	1
255	284	285	256	1
284	224	225	285	1
132	256	257	133	1
256	285	286	257	1
285	225	226	286	1
133	257	258	134	1
257	286	287	258	1
286	226	227	287	1
134	258	259	135	1
258	287	288	259	1
287	227	228	288	1
135	259	260	136	1
259	288	289	260	1
288	228	229	289	1
136	260	261	137	1
260	289	290	261	1
289	229	230	290	1
137	261	262	138	1
261	290	291	262	1
290	230	231	291	1
138	262	263	139	1
262	291	292	263	1
291	231	232	292	1
139	263	264	140	1
263	292	293	264	1
292	232	233	293	1
140	264	265	141	1
264	293	294	265	1
293	233	234	294	1
141	265	266	142	1
265	294	295	266	1
294	234	235	295	1
142	266	267	143	1
266	295	296	267	1
295	235	236	296	1
143	267	268	144	1
267	296	297	268	1
296	236	237	297	1
144	268	269	145	1
268	297	298	269	1
297	237	238	298	1
145	269	270	146	1
269	298	299	270	1
298	238	239	299	1
146	270	271	147	1
270	299	300	271	1
299	239	240	300	1
147	271	272	148	1
271	300	301	272	1
300	240	241	301	1
148	272	273	149	1
272	301	302	273	1
301	241	242	302	1
149	273	274	150	1
273	302	303	274	1
302	242	243	303	1
150	274	275	151	1
274	303	304	275	1
303	243	244	304	1
151	275	276	152	1
275	304	305	276	1
304	244	245	305	1
152	276	277	153	1
276	305	306	277	1
305	245	246	306	1
153	277	278	154	1
277	306	307	278	1
306	246	247	307	1
154	278	279	155	1
278	307	308	279	1
307	247	248	308	1
155	279	280	156	1
279	308	309	280	1
308	248	249	309	1
156	280	281	157	1
280	309	310	281	1
309	249	250	310	1
157	281	251	128	1
281	310	252	251	1
310	250	221	252	1
218	311	315	222	1
311	312	344	315	1
312	1	38	344	1
222	315	316	223	1
315	344	345	316	1
344	38	39	345	1
223	316	317	224	1
316	345	346	317	1
345	39	40	346	1
224	317	318	225	1
317	346	347	318	1
346	40	41	347	1
225	318	319	226	1
318	347	348	319	1
347	41	42	348	1
226	319	320	227	1
319	348	349	320	1
348	42	43	349	1
227	320	321	228	1
320	349	350	321	1
349	43	44	350	1
228	321	322	229	1
321	350	351	322	1
350	44	45	351	1
229	322	323	230	1
322	351	352	323	1
351	45	46	352	1
230	323	324	231	1
323	352	353	324	1
352	46	47	353	1
231	324	325	232	1
324	353	354	325	1
353	47	48	354	1
232	325	326	233	1
325	354	355	326	1
354	48	49	355	1
233	326	327	234	1
326	355	356	327	1
355	49	50	356	1
234	327	328	235	1
327	356	357	328	1
356	50	51	357	1
235	328	329	236	1
328	357	358	329	1
357	51	52	358	1
236	329	330	237	1
329	358	359	330	1
358	52	53	359	1
237	330	331	238	1
330	359	360	331	1
359	53	54	360	1
238	331	332	239	1
331	360	361	332	1
360	54	55	361	1
239	332	333	240	1
332	361	362	333	1
361	55	56	362	1
240	333	334	241	1
333	362	363	334	1
362	56	57	363	1
241	334	335	242	1
334	363	364	335	1
363	57	58	364	1
242	335	336	243	1
335	364	365	336	1
364	58	59	365	1
243	336	337	244	1
336	365	366	337	1
365	59	60	366	1
244	337	338	245	1
337	366	367	338	1
366	60	61	367	1
245	338	339	246	1
338	367	368	339	1
367	61	62	368	1
246	339	340	247	1
339	368	369	340	1
368	62	63	369	1
247	340	341	248	1
340	369	370	341	1
369	63	64	370	1
248	341	342	249	1
341	370	371	342	1
370	64	65	371	1
249	342	343	250	1
342	371	372	343	1
371	65	66	372	1
250	343	313	221	1
343	372	314	313	1
372	66	35	314	1
!!
!!
!!1st material property: row 1, d1 (1), d2 (2), d3 (3), G23 (4), G13 (5), G12 (6), nu23 (7), nu13 (8), nu12 (9), row 2, rho (10), row 3, alpha_s, alpha_v (11).
 2.1d11 2.1d11 2.1d11 8.0d10 8.0d10 8.0d10 0.30d0 0.30d0 0.30d0
 7.85d3
 0.0d0  0.0d0
!!
!!
!!3nd material sequence: row 1, number of layers (1), row 2: material(2..number of layers+1), row 3: thickness (number of layers+2:2*number of layers+1), row 4: angle in degrees (2*number of layers+2:3*number of layers+1).
1
1
0.020d0
0