# ----- Rotor performance tables for the IEA-25-310-UWT-Monopile_15E wind turbine ----- 
# ------------ Written on Jul-02-22 using the ROSCO toolbox ------------ 

# Pitch angle vector, 36 entries - x axis (matrix columns) (deg)
-5.0   -4.0   -3.0   -2.0   -1.0   0.0   1.0   2.0   3.0   4.0   5.0   6.0   7.0   8.0   9.0   10.0   11.0   12.0   13.0   14.0   15.0   16.0   17.0   18.0   19.0   20.0   21.0   22.0   23.0   24.0   25.0   26.0   27.0   28.0   29.0   30.0   
# TSR vector, 26 entries - y axis (matrix rows) (-)
2.0    2.5    3.0    3.5    4.0    4.5    5.0    5.5    6.0    6.5    7.0    7.5    8.0    8.5    9.0    9.5    10.0    10.5    11.0    11.5    12.0    12.5    13.0    13.5    14.0    14.5    
# Wind speed vector - z axis (m/s)
10.67    

# Power coefficient

0.005473   0.007343   0.009261   0.011230   0.013254   0.015336   0.017478   0.019679   0.021937   0.024245   0.026597   0.028990   0.031422   0.033893   0.036399   0.038933   0.041473   0.043988   0.046433   0.048761   0.050929   0.052894   0.054609   0.056020   0.057073   0.057724   0.057953   0.057763   0.057173   0.056212   0.054908   0.053282   0.051356   0.049150   0.046680   0.043965   
0.014897   0.018539   0.022263   0.026064   0.029930   0.033852   0.037825   0.041851   0.045933   0.050072   0.054255   0.058444   0.062582   0.066595   0.070399   0.073909   0.077024   0.079636   0.081640   0.082958   0.083558   0.083455   0.082695   0.081333   0.079423   0.077013   0.074148   0.070868   0.067211   0.063208   0.058886   0.054272   0.049390   0.044260   0.038900   0.033328   
0.032529   0.038580   0.044683   0.050841   0.057069   0.063383   0.069783   0.076229   0.082642   0.088907   0.094880   0.100395   0.105256   0.109262   0.112241   0.114095   0.114809   0.114442   0.113085   0.110839   0.107800   0.104059   0.099702   0.094804   0.089429   0.083622   0.077420   0.070851   0.063942   0.056716   0.049188   0.041376   0.033306   0.025011   0.016525   0.007891   
0.059071   0.068070   0.077187   0.086448   0.095817   0.105192   0.114400   0.123200   0.131299   0.138360   0.144051   0.148135   0.150502   0.151183   0.150302   0.148021   0.144509   0.139937   0.134463   0.128231   0.121355   0.113915   0.105967   0.097547   0.088685   0.079401   0.069709   0.059619   0.049152   0.038334   0.027201   0.015796   0.004175   -0.007585   -0.019383   -0.031099   
0.095048   0.107951   0.121013   0.134061   0.146797   0.158805   0.169586   0.178608   0.185441   0.189850   0.191816   0.191501   0.189147   0.185025   0.179415   0.172579   0.164749   0.156104   0.146768   0.136813   0.126285   0.115210   0.103605   0.091469   0.078806   0.065631   0.051967   0.037848   0.023321   0.008444   -0.006707   -0.022036   -0.037415   -0.052674   -0.067594   -0.081921   
0.141639   0.159183   0.176356   0.192559   0.207055   0.219075   0.228036   0.233653   0.235965   0.235258   0.231915   0.226348   0.218970   0.210150   0.200192   0.189316   0.177661   0.165298   0.152264   0.138573   0.124218   0.109190   0.093487   0.077119   0.060111   0.042502   0.024345   0.005709   -0.013330   -0.032665   -0.052144   -0.071560   -0.090646   -0.109062   -0.126437   -0.142413   
0.198773   0.220362   0.239995   0.256593   0.269290   0.277627   0.281606   0.281626   0.278230   0.271996   0.263485   0.253189   0.241502   0.228716   0.215011   0.200472   0.185135   0.168997   0.152040   0.134244   0.115595   0.096095   0.075760   0.054626   0.032747   0.010185   -0.012977   -0.036629   -0.060620   -0.084737   -0.108692   -0.132096   -0.154471   -0.175320   -0.194191   -0.210773   
0.263275   0.286291   0.304822   0.318020   0.325661   0.328149   0.326209   0.320591   0.312013   0.301105   0.288380   0.274240   0.258955   0.242661   0.225401   0.207171   0.187949   0.167702   0.146405   0.124038   0.100599   0.076108   0.050603   0.024148   -0.003171   -0.031251   -0.059958   -0.089103   -0.118412   -0.147505   -0.175858   -0.202848   -0.227835   -0.250259   -0.269778   -0.286393   
0.327940   0.348545   0.362535   0.369999   0.371740   0.368710   0.361779   0.351707   0.339144   0.324625   0.308562   0.291212   0.272664   0.252937   0.232010   0.209854   0.186429   0.161692   0.135613   0.108176   0.079402   0.049345   0.018084   -0.014286   -0.047644   -0.081836   -0.116638   -0.151722   -0.186617   -0.220672   -0.253103   -0.283114   -0.310003   -0.333359   -0.353182   -0.369901   
0.383034   0.398677   0.407232   0.409727   0.407124   0.400276   0.389935   0.376769   0.361349   0.344108   0.325301   0.305010   0.283248   0.260000   0.235225   0.208871   0.180877   0.151197   0.119815   0.086753   0.052068   0.015846   -0.021802   -0.060739   -0.100791   -0.141715   -0.183140   -0.224526   -0.265105   -0.303932   -0.340026   -0.372510   -0.400831   -0.424912   -0.445201   -0.462601   
0.420428   0.431825   0.437318   0.437498   0.432987   0.424314   0.412163   0.397165   0.379837   0.360491   0.339246   0.316136   0.291149   0.264247   0.235367   0.204451   0.171446   0.136323   0.099095   0.059821   0.018596   -0.024455   -0.069177   -0.115380   -0.162810   -0.211080   -0.259607   -0.307536   -0.353770   -0.397119   -0.436489   -0.471112   -0.500744   -0.525738   -0.547037   -0.565995   
0.438544   0.448223   0.453562   0.454412   0.450382   0.441904   0.429492   0.413799   0.395338   0.374332   0.350875   0.324995   0.296683   0.265905   0.232609   0.196734   0.158240   0.117129   0.073459   0.027334   -0.021108   -0.071697   -0.124225   -0.178432   -0.233939   -0.290153   -0.346181   -0.400802   -0.452613   -0.500260   -0.542685   -0.579394   -0.610520   -0.636902   -0.659994   -0.681513   
0.438908   0.450457   0.458179   0.461476   0.460123   0.453656   0.442546   0.427278   0.408332   0.386008   0.360473   0.331811   0.300043   0.265147   0.227077   0.185791   0.141280   0.093598   0.042853   -0.010803   -0.067184   -0.126065   -0.187177   -0.250159   -0.314449   -0.379167   -0.443029   -0.504447   -0.561775   -0.613605   -0.659095   -0.698071   -0.731094   -0.759534   -0.785341   -0.810422   
0.425126   0.440421   0.452507   0.460327   0.462870   0.460127   0.451683   0.437861   0.419020   0.395704   0.368230   0.336762   0.301370   0.262061   0.218817   0.171631   0.120547   0.065679   0.007190   -0.054720   -0.119807   -0.187784   -0.258303   -0.330859   -0.404635   -0.478369   -0.550361   -0.618687   -0.681538   -0.737619   -0.786375   -0.827970   -0.863449   -0.894747   -0.924238   -0.953892   
0.402819   0.421186   0.438257   0.451632   0.459783   0.461609   0.457044   0.445549   0.427517   0.403566   0.374276   0.339948   0.300731   0.256686   0.207840   0.154240   0.096001   0.033298   -0.033650   -0.104581   -0.179188   -0.257114   -0.337906   -0.420852   -0.504797   -0.588033   -0.668449   -0.743831   -0.812332   -0.872900   -0.925264   -0.969952   -1.008555   -1.043593   -1.077775   -1.113064   
0.377319   0.397981   0.417823   0.436644   0.450977   0.458672   0.458556   0.450364   0.433853   0.409659   0.378678   0.341426   0.298169   0.249043   0.194141   0.133588   0.067578   -0.003650   -0.079812   -0.160577   -0.245568   -0.334344   -0.426307   -0.520471   -0.615247   -0.708470   -0.797621   -0.880275   -0.954700   -1.020121   -1.076528   -1.124873   -1.167356   -1.207073   -1.247013   -1.289046   
0.348738   0.372574   0.395088   0.416883   0.437136   0.451221   0.456553   0.452289   0.437987   0.414012   0.381485   0.341241   0.293711   0.239135   0.177699   0.109627   0.035193   -0.045289   -0.131462   -0.222921   -0.319209   -0.419783   -0.523844   -0.630048   -0.736318   -0.840023   -0.938261   -1.028500   -1.109251   -1.179977   -1.240934   -1.293574   -1.340765   -1.386164   -1.432994   -1.482915   
0.316986   0.344669   0.370654   0.395282   0.419067   0.439488   0.451032   0.451299   0.439894   0.416644   0.382734   0.339424   0.287367   0.226950   0.158479   0.082290   -0.001255   -0.091760   -0.188787   -0.291848   -0.400393   -0.513751   -0.630861   -0.749927   -0.868367   -0.983071   -1.090800   -1.189055   -1.276623   -1.353165   -1.419240   -1.476876   -1.529667   -1.581833   -1.636747   -1.695713   
0.282667   0.314147   0.344176   0.372302   0.398914   0.423951   0.441937   0.447628   0.439612   0.417562   0.382448   0.335987   0.279135   0.212463   0.136433   0.051497   -0.041883   -0.143222   -0.251990   -0.367606   -0.489414   -0.616578   -0.747699   -0.880461   -1.011772   -1.138026   -1.255717   -1.362519   -1.457461   -1.540380   -1.612194   -1.675589   -1.734941   -1.795042   -1.859284   -1.928467   
0.245938   0.281430   0.315448   0.347619   0.377568   0.405741   0.429569   0.441225   0.437108   0.416753   0.380640   0.330936   0.269002   0.195644   0.111502   0.017157   -0.086822   -0.199846   -0.321286   -0.450453   -0.586575   -0.728598   -0.874704   -1.022020   -1.166927   -1.305320   -1.433531   -1.549489   -1.652408   -1.742307   -1.820530   -1.890509   -1.957468   -2.026746   -2.101590   -2.182179   
0.207075   0.246662   0.284694   0.321008   0.354847   0.386174   0.414315   0.432075   0.432488   0.414199   0.377312   0.324267   0.256948   0.176453   0.083617   -0.020836   -0.136213   -0.261815   -0.396897   -0.540657   -0.692182   -0.850147   -1.012228   -1.174985   -1.334245   -1.485413   -1.624782   -1.750563   -1.862103   -1.959624   -2.044971   -2.122431   -2.198136   -2.277894   -2.364620   -2.457816   
0.167511   0.209865   0.252217   0.292477   0.330546   0.365461   0.397023   0.420349   0.425804   0.409913   0.372461   0.315970   0.242948   0.154840   0.052698   -0.062593   -0.190206   -0.329315   -0.479052   -0.638488   -0.806545   -0.981559   -1.160632   -1.339752   -1.514151   -1.678781   -1.830025   -1.966339   -2.087178   -2.193002   -2.286239   -2.372158   -2.457835   -2.549417   -2.649299   -2.756312   
0.127411   0.172237   0.217821   0.262416   0.304541   0.343485   0.378420   0.406288   0.417014   0.403884   0.366080   0.306030   0.226972   0.130750   0.018660   -0.108234   -0.248956   -0.402541   -0.567987   -0.744223   -0.929978   -1.123169   -1.320283   -1.516723   -1.707082   -1.885921   -2.049815   -2.197408   -2.328260   -2.443108   -2.545064   -2.640505   -2.737444   -2.842215   -2.956522   -3.078591   
0.086466   0.134133   0.182246   0.230754   0.276922   0.320110   0.358679   0.390356   0.406175   0.396118   0.358156   0.294429   0.208980   0.104117   -0.018592   -0.157886   -0.312624   -0.481691   -0.663939   -0.858142   -1.062794   -1.275316   -1.491558   -1.706310   -1.913484   -2.107339   -2.284709   -2.444360   -2.585971   -2.710610   -2.822182   -2.928284   -3.037826   -3.157159   -3.287163   -3.425566   
0.045581   0.095240   0.146225   0.197526   0.248004   0.295240   0.337759   0.372945   0.393343   0.386661   0.348672   0.281141   0.188929   0.074874   -0.059155   -0.211677   -0.381374   -0.566966   -0.767148   -0.980525   -1.205306   -1.438345   -1.674841   -1.908927   -2.133808   -2.343551   -2.535257   -2.707779   -2.860936   -2.996179   -3.118337   -3.236304   -3.359822   -3.495091   -3.642085   -3.798148   
0.006168   0.055863   0.109534   0.163556   0.217675   0.268899   0.315601   0.354312   0.378629   0.375509   0.337609   0.266137   0.166771   0.042946   -0.103130   -0.269740   -0.455371   -0.658571   -0.877859   -1.111655   -1.357830   -1.612603   -1.870519   -2.124993   -2.368513   -2.595072   -2.802009   -2.988248   -3.153781   -3.300489   -3.434271   -3.565358   -3.704252   -3.856844   -4.022145   -4.197255   


#  Thrust coefficient

0.066308   0.066026   0.065776   0.065566   0.065405   0.065303   0.065274   0.065327   0.065467   0.065697   0.066021   0.066439   0.066955   0.067572   0.068287   0.069090   0.069954   0.070836   0.071689   0.072463   0.073117   0.073616   0.073917   0.073978   0.073749   0.073194   0.072293   0.071047   0.069470   0.067587   0.065417   0.062981   0.060297   0.057381   0.054249   0.050916   
0.085676   0.085922   0.086297   0.086813   0.087480   0.088304   0.089289   0.090443   0.091772   0.093271   0.094915   0.096647   0.098395   0.100079   0.101621   0.102944   0.103958   0.104570   0.104686   0.104237   0.103194   0.101566   0.099391   0.096716   0.093584   0.090035   0.086108   0.081837   0.077254   0.072386   0.067258   0.061896   0.056325   0.050566   0.044638   0.038561   
0.113241   0.114628   0.116262   0.118157   0.120330   0.122780   0.125476   0.128348   0.131298   0.134205   0.136930   0.139322   0.141203   0.142391   0.142732   0.142135   0.140583   0.138123   0.134835   0.130805   0.126113   0.120838   0.115050   0.108813   0.102184   0.095202   0.087903   0.080314   0.072467   0.064388   0.056098   0.047619   0.038987   0.030243   0.021432   0.012605   
0.150737   0.153953   0.157579   0.161591   0.165911   0.170416   0.174929   0.179217   0.183002   0.185972   0.187821   0.188326   0.187380   0.185004   0.181308   0.176433   0.170526   0.163734   0.156194   0.148027   0.139333   0.130184   0.120629   0.110705   0.100444   0.089876   0.079025   0.067909   0.056560   0.045021   0.033340   0.021573   0.009787   -0.001928   -0.013461   -0.024681   
0.199712   0.205494   0.211728   0.218230   0.224706   0.230748   0.235875   0.239580   0.241449   0.241248   0.238949   0.234692   0.228697   0.221207   0.212468   0.202713   0.192143   0.180919   0.169147   0.156894   0.144203   0.131109   0.117641   0.103811   0.089641   0.075161   0.060417   0.045464   0.030363   0.015192   0.000044   -0.014971   -0.029719   -0.044021   -0.057657   -0.070381   
0.261444   0.270301   0.279233   0.287635   0.294772   0.299885   0.302387   0.301982   0.298685   0.292756   0.284549   0.274446   0.262823   0.250020   0.236307   0.221883   0.206867   0.191326   0.175306   0.158836   0.141921   0.124574   0.106818   0.088692   0.070250   0.051556   0.032690   0.013742   -0.005192   -0.023991   -0.042490   -0.060475   -0.077682   -0.093787   -0.108446   -0.121346   
0.336796   0.348283   0.358415   0.366079   0.370377   0.370808   0.367338   0.360333   0.350313   0.337836   0.323444   0.307603   0.290680   0.272934   0.254527   0.235545   0.216036   0.196010   0.175468   0.154418   0.132880   0.110893   0.088511   0.065808   0.042870   0.019785   -0.003337   -0.026365   -0.049131   -0.071414   -0.092929   -0.113306   -0.132109   -0.148900   -0.163292   -0.175042   
0.424777   0.436369   0.444075   0.446962   0.444736   0.437760   0.426752   0.412476   0.395670   0.376970   0.356873   0.335752   0.313857   0.291323   0.268200   0.244496   0.220210   0.195342   0.169907   0.143928   0.117451   0.090544   0.063285   0.035779   0.008146   -0.019481   -0.046945   -0.074041   -0.100494   -0.125941   -0.149904   -0.171830   -0.191175   -0.207473   -0.220468   -0.230197   
0.520880   0.528227   0.529306   0.524137   0.513536   0.498523   0.480065   0.458998   0.436005   0.411621   0.386243   0.360111   0.333308   0.305863   0.277774   0.249044   0.219671   0.189657   0.159027   0.127818   0.096106   0.064002   0.031631   -0.000869   -0.033345   -0.065617   -0.097451   -0.128523   -0.158397   -0.186492   -0.212135   -0.234663   -0.253512   -0.268374   -0.279296   -0.286667   
0.617661   0.616695   0.608602   0.594594   0.575874   0.553494   0.528347   0.501175   0.472568   0.442936   0.412497   0.381328   0.349451   0.316875   0.283588   0.249575   0.214823   0.179341   0.143183   0.106439   0.069233   0.031708   -0.005979   -0.043652   -0.081113   -0.118108   -0.154278   -0.189130   -0.221996   -0.252079   -0.278585   -0.300822   -0.318381   -0.331247   -0.339826   -0.344861   
0.707867   0.696928   0.679955   0.658125   0.632433   0.603697   0.572708   0.540092   0.506306   0.471605   0.436087   0.399782   0.362683   0.324773   0.286016   0.246401   0.205937   0.164674   0.122702   0.080160   0.037212   -0.005965   -0.049173   -0.092194   -0.134765   -0.176512   -0.216908   -0.255222   -0.290547   -0.321935   -0.348544   -0.369807   -0.385581   -0.396194   -0.402418   -0.405307   
0.788372   0.768104   0.743567   0.715437   0.684056   0.650065   0.614020   0.576460   0.537772   0.498091   0.457460   0.415879   0.373333   0.329809   0.285287   0.239768   0.193289   0.145942   0.097875   0.049271   0.000332   -0.048721   -0.097652   -0.146186   -0.193958   -0.240437   -0.284864   -0.326245   -0.363477   -0.395533   -0.421645   -0.441484   -0.455205   -0.463496   -0.467478   -0.468435   
0.859676   0.831730   0.800893   0.767422   0.731519   0.693174   0.652846   0.610852   0.567449   0.522770   0.476888   0.429835   0.381614   0.332216   0.281635   0.229900   0.177095   0.123371   0.068933   0.014007   -0.041163   -0.096316   -0.151166   -0.205365   -0.258406   -0.309543   -0.357742   -0.401768   -0.440385   -0.472580   -0.497783   -0.515920   -0.527461   -0.533458   -0.535354   -0.534532   
0.923915   0.889366   0.853203   0.815336   0.775470   0.733650   0.689645   0.643573   0.595539   0.545822   0.494572   0.441864   0.387727   0.332173   0.275227   0.216965   0.157534   0.097154   0.036077   -0.025427   -0.087071   -0.148548   -0.209518   -0.269522   -0.327867   -0.383536   -0.435219   -0.481479   -0.521024   -0.552975   -0.576995   -0.593260   -0.602572   -0.606349   -0.606295   -0.603805   
0.984432   0.943117   0.901910   0.860080   0.816948   0.771860   0.724591   0.674670   0.622188   0.567421   0.510679   0.452117   0.391811   0.329813   0.266200   0.201111   0.134772   0.067460   -0.000525   -0.068865   -0.137229   -0.205263   -0.272553   -0.338487   -0.402133   -0.462174   -0.517046   -0.565168   -0.605283   -0.636728   -0.659380   -0.673664   -0.680735   -0.682373   -0.680489   -0.676437   
1.044488   0.996198   0.948810   0.902694   0.856265   0.808242   0.757708   0.704227   0.647476   0.587671   0.525318   0.460702   0.393977   0.325255   0.254681   0.182478   0.108951   0.034431   -0.040731   -0.116172   -0.191512   -0.266343   -0.340147   -0.412116   -0.481022   -0.545266   -0.603049   -0.652713   -0.693146   -0.723906   -0.745050   -0.757275   -0.762110   -0.761693   -0.758098   -0.752582   
1.105089   1.050059   0.996177   0.944213   0.893952   0.842875   0.789255   0.732283   0.671414   0.606643   0.538578   0.467719   0.394326   0.318603   0.240783   0.161188   0.080193   -0.001814   -0.084432   -0.167247   -0.249827   -0.331697   -0.412198   -0.490276   -0.564390   -0.632666   -0.693109   -0.744068   -0.784648   -0.814585   -0.834107   -0.844211   -0.846830   -0.844447   -0.839267   -0.832364   
1.166391   1.104950   1.044628   0.986317   0.930544   0.875952   0.819300   0.758851   0.694017   0.624392   0.550540   0.473252   0.392951   0.309953   0.224611   0.137345   0.048597   -0.041184   -0.131542   -0.222011   -0.312100   -0.401249   -0.488618   -0.572857   -0.652120   -0.724268   -0.787158   -0.839238   -0.879843   -0.908841   -0.926639   -0.934571   -0.935001   -0.930761   -0.924124   -0.915881   
1.227509   1.160803   1.094171   1.029387   0.967229   0.907797   0.847864   0.784124   0.715355   0.640962   0.561272   0.477379   0.389928   0.299390   0.206253   0.111034   0.014245   -0.083603   -0.181994   -0.280402   -0.378273   -0.474937   -0.569328   -0.659768   -0.744125   -0.820001   -0.885165   -0.938253   -0.978786   -1.006738   -1.022718   -1.028435   -1.026720   -1.020754   -1.012787   -1.003213   
1.288200   1.216695   1.144654   1.073359   1.004592   0.939052   0.875155   0.808120   0.735437   0.656385   0.570834   0.480165   0.385329   0.286991   0.185785   0.082326   -0.022800   -0.129013   -0.235735   -0.342372   -0.448300   -0.552708   -0.654256   -0.750937   -0.840339   -0.919818   -0.987132   -1.041151   -1.081524   -1.108329   -1.122404   -1.125877   -1.122087   -1.114540   -1.105345   -1.094415   
1.348071   1.272250   1.195375   1.118129   1.042634   0.970498   0.901429   0.830864   0.754373   0.670681   0.579277   0.481670   0.379218   0.272822   0.163272   0.051279   -0.062484   -0.177368   -0.292720   -0.407881   -0.522141   -0.634513   -0.743344   -0.846308   -0.940712   -1.023692   -1.093078   -1.147967   -1.188100   -1.213658   -1.225743   -1.226963   -1.221200   -1.212221   -1.201866   -1.189513   
1.405230   1.327340   1.245693   1.163374   1.081309   1.002357   0.927183   0.852494   0.772239   0.683898   0.586644   0.481945   0.371652   0.256943   0.138765   0.017942   -0.104766   -0.228628   -0.352917   -0.476897   -0.599763   -0.720310   -0.836543   -0.945840   -1.045213   -1.131614   -1.203025   -1.258736   -1.298549   -1.322763   -1.332782   -1.331770   -1.324158   -1.313884   -1.302389   -1.288505   
1.459612   1.380347   1.295796   1.208333   1.120522   1.034647   0.952878   0.873180   0.789044   0.696061   0.592975   0.481040   0.362686   0.239403   0.112310   -0.017647   -0.149611   -0.282763   -0.416297   -0.549395   -0.681137   -0.810060   -0.933818   -1.049502   -1.153818   -1.243586   -1.316998   -1.373483   -1.412898   -1.435675   -1.443571   -1.440374   -1.431049   -1.419589   -1.406929   -1.391377   
1.511789   1.430896   1.344650   1.253005   1.159932   1.067345   0.978693   0.893209   0.804850   0.707209   0.598305   0.479001   0.352366   0.220243   0.083943   -0.055456   -0.196989   -0.339747   -0.482837   -0.625354   -0.766238   -0.903730   -1.035140   -1.157270   -1.266513   -1.359620   -1.435019   -1.492231   -1.531171   -1.552427   -1.558164   -1.552851   -1.541943   -1.529369   -1.515485   -1.498106   
1.560901   1.479498   1.391350   1.297285   1.198971   1.100394   1.004677   0.912845   0.819722   0.717417   0.602669   0.475871   0.340733   0.199499   0.053695   -0.095457   -0.246879   -0.399560   -0.552518   -0.704755   -0.855042   -1.001292   -1.140487   -1.269128   -1.383288   -1.479728   -1.557104   -1.614997   -1.653392   -1.673052   -1.676618   -1.669268   -1.656889   -1.643240   -1.628049   -1.608669   
1.605583   1.525946   1.436261   1.340093   1.237725   1.133612   1.030848   0.932281   0.833752   0.726720   0.606096   0.471686   0.327819   0.177200   0.021590   -0.137629   -0.299259   -0.462184   -0.625324   -0.787581   -0.947530   -1.102728   -1.249845   -1.385060   -1.504140   -1.603925   -1.683269   -1.741800   -1.779587   -1.797584   -1.798985   -1.789679   -1.775923   -1.761207   -1.744606   -1.723043   


# Torque coefficient

0.002743   0.003681   0.004642   0.005629   0.006643   0.007687   0.008760   0.009864   0.010995   0.012152   0.013331   0.014530   0.015749   0.016988   0.018244   0.019514   0.020787   0.022047   0.023273   0.024440   0.025527   0.026512   0.027371   0.028078   0.028606   0.028932   0.029047   0.028952   0.028656   0.028175   0.027521   0.026706   0.025741   0.024635   0.023397   0.022036   
0.005973   0.007434   0.008927   0.010451   0.012001   0.013574   0.015167   0.016781   0.018418   0.020078   0.021755   0.023435   0.025094   0.026703   0.028228   0.029636   0.030885   0.031932   0.032736   0.033264   0.033505   0.033463   0.033159   0.032613   0.031847   0.030880   0.029732   0.028416   0.026950   0.025345   0.023612   0.021762   0.019804   0.017747   0.015598   0.013364   
0.010870   0.012892   0.014931   0.016988   0.019070   0.021179   0.023318   0.025472   0.027615   0.029708   0.031704   0.033547   0.035171   0.036510   0.037505   0.038125   0.038363   0.038240   0.037787   0.037037   0.036021   0.034771   0.033315   0.031679   0.029883   0.027942   0.025870   0.023675   0.021366   0.018951   0.016436   0.013826   0.011129   0.008357   0.005522   0.002637   
0.016919   0.019496   0.022107   0.024760   0.027443   0.030128   0.032766   0.035286   0.037606   0.039628   0.041258   0.042428   0.043106   0.043300   0.043048   0.042395   0.041389   0.040080   0.038512   0.036727   0.034757   0.032627   0.030350   0.027939   0.025400   0.022741   0.019965   0.017076   0.014078   0.010979   0.007791   0.004524   0.001196   -0.002172   -0.005552   -0.008907   
0.023820   0.027054   0.030327   0.033597   0.036789   0.039798   0.042500   0.044761   0.046474   0.047578   0.048071   0.047992   0.047402   0.046369   0.044963   0.043250   0.041288   0.039121   0.036782   0.034287   0.031648   0.028873   0.025964   0.022923   0.019750   0.016448   0.013023   0.009485   0.005844   0.002116   -0.001681   -0.005522   -0.009377   -0.013201   -0.016940   -0.020530   
0.031552   0.035460   0.039286   0.042895   0.046125   0.048802   0.050798   0.052050   0.052565   0.052407   0.051662   0.050422   0.048779   0.046814   0.044596   0.042173   0.039577   0.036823   0.033919   0.030869   0.027671   0.024324   0.020826   0.017179   0.013391   0.009468   0.005423   0.001272   -0.002969   -0.007277   -0.011616   -0.015941   -0.020193   -0.024295   -0.028166   -0.031725   
0.039852   0.044180   0.048116   0.051444   0.053989   0.055661   0.056459   0.056463   0.055782   0.054532   0.052826   0.050761   0.048418   0.045855   0.043107   0.040192   0.037117   0.033882   0.030482   0.026914   0.023176   0.019266   0.015189   0.010952   0.006565   0.002042   -0.002602   -0.007344   -0.012154   -0.016989   -0.021792   -0.026484   -0.030970   -0.035150   -0.038933   -0.042258   
0.047985   0.052180   0.055558   0.057963   0.059356   0.059809   0.059456   0.058432   0.056868   0.054880   0.052561   0.049984   0.047198   0.044228   0.041082   0.037759   0.034256   0.030566   0.026684   0.022607   0.018335   0.013872   0.009223   0.004401   -0.000578   -0.005696   -0.010928   -0.016240   -0.021582   -0.026885   -0.032052   -0.036971   -0.041526   -0.045613   -0.049170   -0.052199   
0.054790   0.058233   0.060570   0.061817   0.062108   0.061602   0.060444   0.058761   0.056662   0.054236   0.051553   0.048654   0.045555   0.042259   0.038763   0.035061   0.031147   0.027014   0.022657   0.018073   0.013266   0.008244   0.003021   -0.002387   -0.007960   -0.013673   -0.019487   -0.025349   -0.031179   -0.036868   -0.042287   -0.047301   -0.051793   -0.055695   -0.059007   -0.061801   
0.059072   0.061485   0.062804   0.063189   0.062787   0.061731   0.060136   0.058106   0.055728   0.053069   0.050169   0.047039   0.043683   0.040098   0.036277   0.032212   0.027895   0.023318   0.018478   0.013379   0.008030   0.002444   -0.003362   -0.009367   -0.015544   -0.021856   -0.028244   -0.034627   -0.040885   -0.046873   -0.052439   -0.057449   -0.061817   -0.065531   -0.068660   -0.071343   
0.060208   0.061840   0.062627   0.062652   0.062006   0.060764   0.059024   0.056876   0.054395   0.051624   0.048582   0.045273   0.041694   0.037842   0.033706   0.029279   0.024552   0.019522   0.014191   0.008567   0.002663   -0.003502   -0.009907   -0.016523   -0.023315   -0.030228   -0.037177   -0.044041   -0.050662   -0.056870   -0.062508   -0.067466   -0.071710   -0.075289   -0.078339   -0.081054   
0.058615   0.059909   0.060623   0.060736   0.060198   0.059064   0.057405   0.055308   0.052840   0.050033   0.046898   0.043439   0.039654   0.035541   0.031090   0.026295   0.021150   0.015655   0.009818   0.003653   -0.002821   -0.009583   -0.016604   -0.023849   -0.031268   -0.038781   -0.046270   -0.053571   -0.060496   -0.066864   -0.072535   -0.077441   -0.081601   -0.085128   -0.088214   -0.091090   
0.054997   0.056445   0.057412   0.057825   0.057656   0.056845   0.055453   0.053540   0.051166   0.048369   0.045169   0.041578   0.037597   0.033224   0.028454   0.023281   0.017703   0.011728   0.005370   -0.001354   -0.008418   -0.015797   -0.023454   -0.031346   -0.039402   -0.047512   -0.055514   -0.063210   -0.070393   -0.076888   -0.082588   -0.087472   -0.091610   -0.095174   -0.098407   -0.101550   
0.050137   0.051941   0.053366   0.054288   0.054588   0.054265   0.053269   0.051639   0.049417   0.046667   0.043427   0.039716   0.035542   0.030906   0.025806   0.020241   0.014217   0.007746   0.000848   -0.006453   -0.014129   -0.022146   -0.030463   -0.039020   -0.047720   -0.056416   -0.064907   -0.072964   -0.080377   -0.086991   -0.092741   -0.097646   -0.101830   -0.105521   -0.108999   -0.112497   
0.044867   0.046913   0.048814   0.050304   0.051212   0.051415   0.050907   0.049626   0.047618   0.044950   0.041688   0.037864   0.033496   0.028590   0.023150   0.017180   0.010693   0.003709   -0.003748   -0.011648   -0.019958   -0.028638   -0.037637   -0.046876   -0.056226   -0.065497   -0.074453   -0.082850   -0.090479   -0.097226   -0.103058   -0.108036   -0.112335   -0.116238   -0.120045   -0.123976   
0.039815   0.041995   0.044089   0.046075   0.047587   0.048399   0.048387   0.047522   0.045780   0.043227   0.039958   0.036027   0.031463   0.026279   0.020486   0.014096   0.007131   -0.000385   -0.008422   -0.016944   -0.025912   -0.035280   -0.044984   -0.054920   -0.064921   -0.074758   -0.084165   -0.092887   -0.100740   -0.107643   -0.113595   -0.118697   -0.123180   -0.127371   -0.131585   -0.136020   
0.034959   0.037348   0.039605   0.041790   0.043820   0.045232   0.045767   0.045339   0.043906   0.041502   0.038242   0.034207   0.029443   0.023972   0.017813   0.010989   0.003528   -0.004540   -0.013178   -0.022347   -0.031999   -0.042081   -0.052512   -0.063159   -0.073812   -0.084207   -0.094055   -0.103101   -0.111196   -0.118286   -0.124396   -0.129673   -0.134404   -0.138955   -0.143649   -0.148654   
0.030263   0.032906   0.035387   0.037738   0.040009   0.041958   0.043060   0.043086   0.041997   0.039777   0.036540   0.032405   0.027435   0.021667   0.015130   0.007856   -0.000120   -0.008760   -0.018024   -0.027863   -0.038226   -0.049048   -0.060229   -0.071596   -0.082904   -0.093854   -0.104139   -0.113520   -0.121880   -0.129188   -0.135496   -0.140998   -0.146038   -0.151019   -0.156261   -0.161891   
0.025760   0.028629   0.031365   0.033928   0.036353   0.038635   0.040274   0.040793   0.040062   0.038053   0.034853   0.030619   0.025438   0.019362   0.012433   0.004693   -0.003817   -0.013052   -0.022964   -0.033500   -0.044601   -0.056189   -0.068139   -0.080237   -0.092204   -0.103710   -0.114435   -0.124168   -0.132820   -0.140377   -0.146921   -0.152698   -0.158107   -0.163584   -0.169439   -0.175743   
0.021438   0.024532   0.027497   0.030302   0.032912   0.035368   0.037445   0.038461   0.038102   0.036328   0.033180   0.028847   0.023449   0.017054   0.009719   0.001496   -0.007568   -0.017420   -0.028006   -0.039266   -0.051131   -0.063511   -0.076247   -0.089088   -0.101720   -0.113783   -0.124959   -0.135067   -0.144039   -0.151875   -0.158694   -0.164794   -0.170630   -0.176669   -0.183193   -0.190218   
0.017298   0.020605   0.023782   0.026816   0.029643   0.032260   0.034611   0.036094   0.036129   0.034601   0.031519   0.027088   0.021465   0.014740   0.006985   -0.001741   -0.011379   -0.021871   -0.033155   -0.045165   -0.057823   -0.071019   -0.084558   -0.098155   -0.111459   -0.124087   -0.135729   -0.146236   -0.155554   -0.163701   -0.170830   -0.177301   -0.183625   -0.190288   -0.197533   -0.205318   
0.013434   0.016830   0.020227   0.023455   0.026508   0.029308   0.031839   0.033710   0.034147   0.032873   0.029870   0.025339   0.019483   0.012417   0.004226   -0.005020   -0.015254   -0.026410   -0.038418   -0.051204   -0.064681   -0.078716   -0.093077   -0.107442   -0.121428   -0.134630   -0.146759   -0.157691   -0.167382   -0.175869   -0.183346   -0.190236   -0.197107   -0.204451   -0.212461   -0.221043   
0.009825   0.013281   0.016796   0.020235   0.023483   0.026486   0.029180   0.031329   0.032156   0.031144   0.028229   0.023598   0.017502   0.010082   0.001439   -0.008346   -0.019197   -0.031040   -0.043798   -0.057388   -0.071711   -0.086609   -0.101808   -0.116956   -0.131635   -0.145425   -0.158063   -0.169444   -0.179534   -0.188390   -0.196252   -0.203612   -0.211087   -0.219166   -0.227980   -0.237393   
0.006421   0.009960   0.013533   0.017135   0.020563   0.023770   0.026634   0.028986   0.030161   0.029414   0.026595   0.021863   0.015518   0.007731   -0.001381   -0.011724   -0.023214   -0.035768   -0.049301   -0.063721   -0.078918   -0.094699   -0.110756   -0.126702   -0.142086   -0.156480   -0.169651   -0.181506   -0.192021   -0.201276   -0.209561   -0.217440   -0.225574   -0.234435   -0.244088   -0.254365   
0.003264   0.006819   0.010470   0.014143   0.017758   0.021140   0.024185   0.026704   0.028165   0.027686   0.024966   0.020131   0.013528   0.005361   -0.004236   -0.015157   -0.027307   -0.040596   -0.054930   -0.070209   -0.086304   -0.102990   -0.119924   -0.136685   -0.152787   -0.167805   -0.181532   -0.193885   -0.204852   -0.214535   -0.223282   -0.231729   -0.240573   -0.250259   -0.260784   -0.271959   
0.000426   0.003862   0.007573   0.011307   0.015049   0.018590   0.021819   0.024495   0.026176   0.025960   0.023340   0.018399   0.011530   0.002969   -0.007130   -0.018648   -0.031482   -0.045530   -0.060690   -0.076853   -0.093872   -0.111486   -0.129316   -0.146909   -0.163745   -0.179407   -0.193714   -0.206589   -0.218033   -0.228176   -0.237425   -0.246487   -0.256089   -0.266639   -0.278067   -0.290173   