!! 
!! 
!! number of beams (1), number of cross-section properties (2):
1 1 
!! 
!! 
!! beam: number of nodes (1), number of elements (2): 
11 10 
!! 
!! 
!! beam: nodal phi (1, 2, 3), nodal d1 (4, 5, 6), nodal d2 (7, 8, 9), nodal d3 (10, 11, 12): 
   0.000000000000000d0   0.000000000000000d0   0.000000000000000d0   0.000000000000000d0   1.000000000000000d0   0.000000000000000d0   0.000000000000000d0   0.000000000000000d0   1.000000000000000d0   1.000000000000000d0   0.000000000000000d0   0.000000000000000d0
   0.500000000000000d0   0.000000000000000d0   0.000000000000000d0   0.000000000000000d0   1.000000000000000d0   0.000000000000000d0   0.000000000000000d0   0.000000000000000d0   1.000000000000000d0   1.000000000000000d0   0.000000000000000d0   0.000000000000000d0
   1.000000000000000d0   0.000000000000000d0   0.000000000000000d0   0.000000000000000d0   1.000000000000000d0   0.000000000000000d0   0.000000000000000d0   0.000000000000000d0   1.000000000000000d0   1.000000000000000d0   0.000000000000000d0   0.000000000000000d0
   1.500000000000000d0   0.000000000000000d0   0.000000000000000d0   0.000000000000000d0   1.000000000000000d0   0.000000000000000d0   0.000000000000000d0   0.000000000000000d0   1.000000000000000d0   1.000000000000000d0   0.000000000000000d0   0.000000000000000d0
   2.000000000000000d0   0.000000000000000d0   0.000000000000000d0   0.000000000000000d0   1.000000000000000d0   0.000000000000000d0   0.000000000000000d0   0.000000000000000d0   1.000000000000000d0   1.000000000000000d0   0.000000000000000d0   0.000000000000000d0
   2.500000000000000d0   0.000000000000000d0   0.000000000000000d0   0.000000000000000d0   1.000000000000000d0   0.000000000000000d0   0.000000000000000d0   0.000000000000000d0   1.000000000000000d0   1.000000000000000d0   0.000000000000000d0   0.000000000000000d0
   3.000000000000000d0   0.000000000000000d0   0.000000000000000d0   0.000000000000000d0   1.000000000000000d0   0.000000000000000d0   0.000000000000000d0   0.000000000000000d0   1.000000000000000d0   1.000000000000000d0   0.000000000000000d0   0.000000000000000d0
   3.500000000000000d0   0.000000000000000d0   0.000000000000000d0   0.000000000000000d0   1.000000000000000d0   0.000000000000000d0   0.000000000000000d0   0.000000000000000d0   1.000000000000000d0   1.000000000000000d0   0.000000000000000d0   0.000000000000000d0
   4.000000000000000d0   0.000000000000000d0   0.000000000000000d0   0.000000000000000d0   1.000000000000000d0   0.000000000000000d0   0.000000000000000d0   0.000000000000000d0   1.000000000000000d0   1.000000000000000d0   0.000000000000000d0   0.000000000000000d0
   4.500000000000000d0   0.000000000000000d0   0.000000000000000d0   0.000000000000000d0   1.000000000000000d0   0.000000000000000d0   0.000000000000000d0   0.000000000000000d0   1.000000000000000d0   1.000000000000000d0   0.000000000000000d0   0.000000000000000d0
   5.000000000000000d0   0.000000000000000d0   0.000000000000000d0   0.000000000000000d0   1.000000000000000d0   0.000000000000000d0   0.000000000000000d0   0.000000000000000d0   1.000000000000000d0   1.000000000000000d0   0.000000000000000d0   0.000000000000000d0
!! 
!! 
!! beam: connectivities (1, 2), cross-section property (3): 
1 2 1 
2 3 1 
3 4 1 
4 5 1 
5 6 1 
6 7 1 
7 8 1 
8 9 1 
9 10 1 
10 11 1 
!! 
!! 
!! cross-section property: row 1: EA, GA1, GA2, EI1, EI2, GIP, ES1, ES2, GS1, GS2, EI12; row 2: rhoA, rhoI1, rhoI2, rhoS1, rhoS2, rhoI12; row 3, alpha_s alpha_v: 
4.459d3	2.942d8	2.942d8	2.774d4	1.338d5	6.109d1	0.000d0	0.000d0	0.000d0	0.000d0	0.000d0 
0.0690d0     0.0673d0	0.070d0	0.000d0     0.000d0     0.00d0	
0.0d0 0.0d0