!!
!!
!!number of constraints for nodes with 6 coordinates.
5
!!
!!
!!constraints for nodes with 6 coordinates: sort (1), nodes (2, 3), phi1 (4, 5, 6), phi2 (7, 8, 9), dir (10, 11, 12)
 revolutesupport   1    1   0.0000000000  0.0000000000  0.0000000000   0.0000000000  0.0000000000  0.0000000000  0.0000000000  0.0000000000  0.0000000000       
 revolutesupport  42   42   0.0000000000  0.0000000000  0.0000000000   0.0000000000  0.0000000000  0.0000000000  0.0000000000  0.0000000000  0.0000000000    
 revolutesupport  83   83   0.0000000000  0.0000000000  0.0000000000   0.0000000000  0.0000000000  0.0000000000  0.0000000000  0.0000000000  0.0000000000    
 revolutesupport 124  124   0.0000000000  0.0000000000  0.0000000000   0.0000000000  0.0000000000  0.0000000000  0.0000000000  0.0000000000  0.0000000000    
 revolutesupport 165  165   0.0000000000  0.0000000000  0.0000000000   0.0000000000  0.0000000000  0.0000000000  0.0000000000  0.0000000000  0.0000000000           
 
205
 internal    2    2   0.0000000000  0.0000000000  0.0000000000   0.0000000000  0.0000000000  0.0000000000  0.0000000000  0.0000000000  0.0000000000
 internal    3    3   0.0000000000  0.0000000000  0.0000000000   0.0000000000  0.0000000000  0.0000000000  0.0000000000  0.0000000000  0.0000000000
 internal    4    4   0.0000000000  0.0000000000  0.0000000000   0.0000000000  0.0000000000  0.0000000000  0.0000000000  0.0000000000  0.0000000000
 internal    5    5   0.0000000000  0.0000000000  0.0000000000   0.0000000000  0.0000000000  0.0000000000  0.0000000000  0.0000000000  0.0000000000
 internal    6    6   0.0000000000  0.0000000000  0.0000000000   0.0000000000  0.0000000000  0.0000000000  0.0000000000  0.0000000000  0.0000000000
 internal    7    7   0.0000000000  0.0000000000  0.0000000000   0.0000000000  0.0000000000  0.0000000000  0.0000000000  0.0000000000  0.0000000000
 internal    8    8   0.0000000000  0.0000000000  0.0000000000   0.0000000000  0.0000000000  0.0000000000  0.0000000000  0.0000000000  0.0000000000
 internal    9    9   0.0000000000  0.0000000000  0.0000000000   0.0000000000  0.0000000000  0.0000000000  0.0000000000  0.0000000000  0.0000000000
 internal   10   10   0.0000000000  0.0000000000  0.0000000000   0.0000000000  0.0000000000  0.0000000000  0.0000000000  0.0000000000  0.0000000000
 internal   11   11   0.0000000000  0.0000000000  0.0000000000   0.0000000000  0.0000000000  0.0000000000  0.0000000000  0.0000000000  0.0000000000
 internal   12   12   0.0000000000  0.0000000000  0.0000000000   0.0000000000  0.0000000000  0.0000000000  0.0000000000  0.0000000000  0.0000000000
 internal   13   13   0.0000000000  0.0000000000  0.0000000000   0.0000000000  0.0000000000  0.0000000000  0.0000000000  0.0000000000  0.0000000000
 internal   14   14   0.0000000000  0.0000000000  0.0000000000   0.0000000000  0.0000000000  0.0000000000  0.0000000000  0.0000000000  0.0000000000
 internal   15   15   0.0000000000  0.0000000000  0.0000000000   0.0000000000  0.0000000000  0.0000000000  0.0000000000  0.0000000000  0.0000000000
 internal   16   16   0.0000000000  0.0000000000  0.0000000000   0.0000000000  0.0000000000  0.0000000000  0.0000000000  0.0000000000  0.0000000000
 internal   17   17   0.0000000000  0.0000000000  0.0000000000   0.0000000000  0.0000000000  0.0000000000  0.0000000000  0.0000000000  0.0000000000
 internal   18   18   0.0000000000  0.0000000000  0.0000000000   0.0000000000  0.0000000000  0.0000000000  0.0000000000  0.0000000000  0.0000000000
 internal   19   19   0.0000000000  0.0000000000  0.0000000000   0.0000000000  0.0000000000  0.0000000000  0.0000000000  0.0000000000  0.0000000000
 internal   20   20   0.0000000000  0.0000000000  0.0000000000   0.0000000000  0.0000000000  0.0000000000  0.0000000000  0.0000000000  0.0000000000
 internal   21   21   0.0000000000  0.0000000000  0.0000000000   0.0000000000  0.0000000000  0.0000000000  0.0000000000  0.0000000000  0.0000000000
 internal   22   22   0.0000000000  0.0000000000  0.0000000000   0.0000000000  0.0000000000  0.0000000000  0.0000000000  0.0000000000  0.0000000000
 internal   23   23   0.0000000000  0.0000000000  0.0000000000   0.0000000000  0.0000000000  0.0000000000  0.0000000000  0.0000000000  0.0000000000
 internal   24   24   0.0000000000  0.0000000000  0.0000000000   0.0000000000  0.0000000000  0.0000000000  0.0000000000  0.0000000000  0.0000000000
 internal   25   25   0.0000000000  0.0000000000  0.0000000000   0.0000000000  0.0000000000  0.0000000000  0.0000000000  0.0000000000  0.0000000000
 internal   26   26   0.0000000000  0.0000000000  0.0000000000   0.0000000000  0.0000000000  0.0000000000  0.0000000000  0.0000000000  0.0000000000
 internal   27   27   0.0000000000  0.0000000000  0.0000000000   0.0000000000  0.0000000000  0.0000000000  0.0000000000  0.0000000000  0.0000000000
 internal   28   28   0.0000000000  0.0000000000  0.0000000000   0.0000000000  0.0000000000  0.0000000000  0.0000000000  0.0000000000  0.0000000000
 internal   29   29   0.0000000000  0.0000000000  0.0000000000   0.0000000000  0.0000000000  0.0000000000  0.0000000000  0.0000000000  0.0000000000
 internal   30   30   0.0000000000  0.0000000000  0.0000000000   0.0000000000  0.0000000000  0.0000000000  0.0000000000  0.0000000000  0.0000000000
 internal   31   31   0.0000000000  0.0000000000  0.0000000000   0.0000000000  0.0000000000  0.0000000000  0.0000000000  0.0000000000  0.0000000000
 internal   32   32   0.0000000000  0.0000000000  0.0000000000   0.0000000000  0.0000000000  0.0000000000  0.0000000000  0.0000000000  0.0000000000
 internal   33   33   0.0000000000  0.0000000000  0.0000000000   0.0000000000  0.0000000000  0.0000000000  0.0000000000  0.0000000000  0.0000000000
 internal   34   34   0.0000000000  0.0000000000  0.0000000000   0.0000000000  0.0000000000  0.0000000000  0.0000000000  0.0000000000  0.0000000000
 internal   35   35   0.0000000000  0.0000000000  0.0000000000   0.0000000000  0.0000000000  0.0000000000  0.0000000000  0.0000000000  0.0000000000
 internal   36   36   0.0000000000  0.0000000000  0.0000000000   0.0000000000  0.0000000000  0.0000000000  0.0000000000  0.0000000000  0.0000000000
 internal   37   37   0.0000000000  0.0000000000  0.0000000000   0.0000000000  0.0000000000  0.0000000000  0.0000000000  0.0000000000  0.0000000000
 internal   38   38   0.0000000000  0.0000000000  0.0000000000   0.0000000000  0.0000000000  0.0000000000  0.0000000000  0.0000000000  0.0000000000
 internal   39   39   0.0000000000  0.0000000000  0.0000000000   0.0000000000  0.0000000000  0.0000000000  0.0000000000  0.0000000000  0.0000000000
 internal   40   40   0.0000000000  0.0000000000  0.0000000000   0.0000000000  0.0000000000  0.0000000000  0.0000000000  0.0000000000  0.0000000000
 internal   41   41   0.0000000000  0.0000000000  0.0000000000   0.0000000000  0.0000000000  0.0000000000  0.0000000000  0.0000000000  0.0000000000
 internal   43  43   0.0000000000  0.0000000000  0.0000000000   0.0000000000  0.0000000000  0.0000000000  0.0000000000  0.0000000000  0.0000000000
 internal   44  44   0.0000000000  0.0000000000  0.0000000000   0.0000000000  0.0000000000  0.0000000000  0.0000000000  0.0000000000  0.0000000000
 internal   45  45   0.0000000000  0.0000000000  0.0000000000   0.0000000000  0.0000000000  0.0000000000  0.0000000000  0.0000000000  0.0000000000
 internal   46  46   0.0000000000  0.0000000000  0.0000000000   0.0000000000  0.0000000000  0.0000000000  0.0000000000  0.0000000000  0.0000000000
 internal   47  47   0.0000000000  0.0000000000  0.0000000000   0.0000000000  0.0000000000  0.0000000000  0.0000000000  0.0000000000  0.0000000000
 internal   48  48   0.0000000000  0.0000000000  0.0000000000   0.0000000000  0.0000000000  0.0000000000  0.0000000000  0.0000000000  0.0000000000
 internal   49  49   0.0000000000  0.0000000000  0.0000000000   0.0000000000  0.0000000000  0.0000000000  0.0000000000  0.0000000000  0.0000000000
 internal   50  50   0.0000000000  0.0000000000  0.0000000000   0.0000000000  0.0000000000  0.0000000000  0.0000000000  0.0000000000  0.0000000000
 internal   51  51   0.0000000000  0.0000000000  0.0000000000   0.0000000000  0.0000000000  0.0000000000  0.0000000000  0.0000000000  0.0000000000
 internal   52  52   0.0000000000  0.0000000000  0.0000000000   0.0000000000  0.0000000000  0.0000000000  0.0000000000  0.0000000000  0.0000000000
 internal   53  53   0.0000000000  0.0000000000  0.0000000000   0.0000000000  0.0000000000  0.0000000000  0.0000000000  0.0000000000  0.0000000000
 internal   54  54   0.0000000000  0.0000000000  0.0000000000   0.0000000000  0.0000000000  0.0000000000  0.0000000000  0.0000000000  0.0000000000
 internal   55  55   0.0000000000  0.0000000000  0.0000000000   0.0000000000  0.0000000000  0.0000000000  0.0000000000  0.0000000000  0.0000000000
 internal   56  56   0.0000000000  0.0000000000  0.0000000000   0.0000000000  0.0000000000  0.0000000000  0.0000000000  0.0000000000  0.0000000000
 internal   57  57   0.0000000000  0.0000000000  0.0000000000   0.0000000000  0.0000000000  0.0000000000  0.0000000000  0.0000000000  0.0000000000
 internal   58  58   0.0000000000  0.0000000000  0.0000000000   0.0000000000  0.0000000000  0.0000000000  0.0000000000  0.0000000000  0.0000000000
 internal   59  59   0.0000000000  0.0000000000  0.0000000000   0.0000000000  0.0000000000  0.0000000000  0.0000000000  0.0000000000  0.0000000000
 internal   60  60   0.0000000000  0.0000000000  0.0000000000   0.0000000000  0.0000000000  0.0000000000  0.0000000000  0.0000000000  0.0000000000
 internal   61  61   0.0000000000  0.0000000000  0.0000000000   0.0000000000  0.0000000000  0.0000000000  0.0000000000  0.0000000000  0.0000000000
 internal   62  62   0.0000000000  0.0000000000  0.0000000000   0.0000000000  0.0000000000  0.0000000000  0.0000000000  0.0000000000  0.0000000000
 internal   63  63   0.0000000000  0.0000000000  0.0000000000   0.0000000000  0.0000000000  0.0000000000  0.0000000000  0.0000000000  0.0000000000
 internal   64  64   0.0000000000  0.0000000000  0.0000000000   0.0000000000  0.0000000000  0.0000000000  0.0000000000  0.0000000000  0.0000000000
 internal   65  65   0.0000000000  0.0000000000  0.0000000000   0.0000000000  0.0000000000  0.0000000000  0.0000000000  0.0000000000  0.0000000000
 internal   66  66   0.0000000000  0.0000000000  0.0000000000   0.0000000000  0.0000000000  0.0000000000  0.0000000000  0.0000000000  0.0000000000
 internal   67  67   0.0000000000  0.0000000000  0.0000000000   0.0000000000  0.0000000000  0.0000000000  0.0000000000  0.0000000000  0.0000000000
 internal   68  68   0.0000000000  0.0000000000  0.0000000000   0.0000000000  0.0000000000  0.0000000000  0.0000000000  0.0000000000  0.0000000000
 internal   69  69   0.0000000000  0.0000000000  0.0000000000   0.0000000000  0.0000000000  0.0000000000  0.0000000000  0.0000000000  0.0000000000
 internal   70  70   0.0000000000  0.0000000000  0.0000000000   0.0000000000  0.0000000000  0.0000000000  0.0000000000  0.0000000000  0.0000000000
 internal   71  71   0.0000000000  0.0000000000  0.0000000000   0.0000000000  0.0000000000  0.0000000000  0.0000000000  0.0000000000  0.0000000000
 internal   72  72   0.0000000000  0.0000000000  0.0000000000   0.0000000000  0.0000000000  0.0000000000  0.0000000000  0.0000000000  0.0000000000
 internal   73  73   0.0000000000  0.0000000000  0.0000000000   0.0000000000  0.0000000000  0.0000000000  0.0000000000  0.0000000000  0.0000000000
 internal   74  74   0.0000000000  0.0000000000  0.0000000000   0.0000000000  0.0000000000  0.0000000000  0.0000000000  0.0000000000  0.0000000000
 internal   75  75   0.0000000000  0.0000000000  0.0000000000   0.0000000000  0.0000000000  0.0000000000  0.0000000000  0.0000000000  0.0000000000
 internal   76  76   0.0000000000  0.0000000000  0.0000000000   0.0000000000  0.0000000000  0.0000000000  0.0000000000  0.0000000000  0.0000000000
 internal   77  77   0.0000000000  0.0000000000  0.0000000000   0.0000000000  0.0000000000  0.0000000000  0.0000000000  0.0000000000  0.0000000000
 internal   78  78   0.0000000000  0.0000000000  0.0000000000   0.0000000000  0.0000000000  0.0000000000  0.0000000000  0.0000000000  0.0000000000
 internal   79  79   0.0000000000  0.0000000000  0.0000000000   0.0000000000  0.0000000000  0.0000000000  0.0000000000  0.0000000000  0.0000000000
 internal   80  80   0.0000000000  0.0000000000  0.0000000000   0.0000000000  0.0000000000  0.0000000000  0.0000000000  0.0000000000  0.0000000000
 internal   81  81   0.0000000000  0.0000000000  0.0000000000   0.0000000000  0.0000000000  0.0000000000  0.0000000000  0.0000000000  0.0000000000
 internal   82  82   0.0000000000  0.0000000000  0.0000000000   0.0000000000  0.0000000000  0.0000000000  0.0000000000  0.0000000000  0.0000000000
 internal    84   84   0.0000000000  0.0000000000  0.0000000000   0.0000000000  0.0000000000  0.0000000000  0.0000000000  0.0000000000  0.0000000000
 internal    85   85   0.0000000000  0.0000000000  0.0000000000   0.0000000000  0.0000000000  0.0000000000  0.0000000000  0.0000000000  0.0000000000
 internal    86   86   0.0000000000  0.0000000000  0.0000000000   0.0000000000  0.0000000000  0.0000000000  0.0000000000  0.0000000000  0.0000000000
 internal    87   87   0.0000000000  0.0000000000  0.0000000000   0.0000000000  0.0000000000  0.0000000000  0.0000000000  0.0000000000  0.0000000000
 internal    88   88   0.0000000000  0.0000000000  0.0000000000   0.0000000000  0.0000000000  0.0000000000  0.0000000000  0.0000000000  0.0000000000
 internal    89   89   0.0000000000  0.0000000000  0.0000000000   0.0000000000  0.0000000000  0.0000000000  0.0000000000  0.0000000000  0.0000000000
 internal    90   90   0.0000000000  0.0000000000  0.0000000000   0.0000000000  0.0000000000  0.0000000000  0.0000000000  0.0000000000  0.0000000000
 internal    91   91   0.0000000000  0.0000000000  0.0000000000   0.0000000000  0.0000000000  0.0000000000  0.0000000000  0.0000000000  0.0000000000
 internal    92   92   0.0000000000  0.0000000000  0.0000000000   0.0000000000  0.0000000000  0.0000000000  0.0000000000  0.0000000000  0.0000000000
 internal    93   93   0.0000000000  0.0000000000  0.0000000000   0.0000000000  0.0000000000  0.0000000000  0.0000000000  0.0000000000  0.0000000000
 internal    94   94   0.0000000000  0.0000000000  0.0000000000   0.0000000000  0.0000000000  0.0000000000  0.0000000000  0.0000000000  0.0000000000
 internal    95   95   0.0000000000  0.0000000000  0.0000000000   0.0000000000  0.0000000000  0.0000000000  0.0000000000  0.0000000000  0.0000000000
 internal    96   96   0.0000000000  0.0000000000  0.0000000000   0.0000000000  0.0000000000  0.0000000000  0.0000000000  0.0000000000  0.0000000000
 internal    97   97   0.0000000000  0.0000000000  0.0000000000   0.0000000000  0.0000000000  0.0000000000  0.0000000000  0.0000000000  0.0000000000
 internal    98   98   0.0000000000  0.0000000000  0.0000000000   0.0000000000  0.0000000000  0.0000000000  0.0000000000  0.0000000000  0.0000000000
 internal    99   99   0.0000000000  0.0000000000  0.0000000000   0.0000000000  0.0000000000  0.0000000000  0.0000000000  0.0000000000  0.0000000000
 internal   100  100   0.0000000000  0.0000000000  0.0000000000   0.0000000000  0.0000000000  0.0000000000  0.0000000000  0.0000000000  0.0000000000
 internal   101  101   0.0000000000  0.0000000000  0.0000000000   0.0000000000  0.0000000000  0.0000000000  0.0000000000  0.0000000000  0.0000000000
 internal   102  102   0.0000000000  0.0000000000  0.0000000000   0.0000000000  0.0000000000  0.0000000000  0.0000000000  0.0000000000  0.0000000000
 internal   103  103   0.0000000000  0.0000000000  0.0000000000   0.0000000000  0.0000000000  0.0000000000  0.0000000000  0.0000000000  0.0000000000
 internal   104  104   0.0000000000  0.0000000000  0.0000000000   0.0000000000  0.0000000000  0.0000000000  0.0000000000  0.0000000000  0.0000000000
 internal   105  105   0.0000000000  0.0000000000  0.0000000000   0.0000000000  0.0000000000  0.0000000000  0.0000000000  0.0000000000  0.0000000000
 internal   106  106   0.0000000000  0.0000000000  0.0000000000   0.0000000000  0.0000000000  0.0000000000  0.0000000000  0.0000000000  0.0000000000
 internal   107  107   0.0000000000  0.0000000000  0.0000000000   0.0000000000  0.0000000000  0.0000000000  0.0000000000  0.0000000000  0.0000000000
 internal   108  108   0.0000000000  0.0000000000  0.0000000000   0.0000000000  0.0000000000  0.0000000000  0.0000000000  0.0000000000  0.0000000000
 internal   109  109   0.0000000000  0.0000000000  0.0000000000   0.0000000000  0.0000000000  0.0000000000  0.0000000000  0.0000000000  0.0000000000
 internal   110  110   0.0000000000  0.0000000000  0.0000000000   0.0000000000  0.0000000000  0.0000000000  0.0000000000  0.0000000000  0.0000000000
 internal   111  111   0.0000000000  0.0000000000  0.0000000000   0.0000000000  0.0000000000  0.0000000000  0.0000000000  0.0000000000  0.0000000000
 internal   112  112   0.0000000000  0.0000000000  0.0000000000   0.0000000000  0.0000000000  0.0000000000  0.0000000000  0.0000000000  0.0000000000
 internal   113  113   0.0000000000  0.0000000000  0.0000000000   0.0000000000  0.0000000000  0.0000000000  0.0000000000  0.0000000000  0.0000000000
 internal   114  114   0.0000000000  0.0000000000  0.0000000000   0.0000000000  0.0000000000  0.0000000000  0.0000000000  0.0000000000  0.0000000000
 internal   115  115   0.0000000000  0.0000000000  0.0000000000   0.0000000000  0.0000000000  0.0000000000  0.0000000000  0.0000000000  0.0000000000
 internal   116  116   0.0000000000  0.0000000000  0.0000000000   0.0000000000  0.0000000000  0.0000000000  0.0000000000  0.0000000000  0.0000000000
 internal   117  117   0.0000000000  0.0000000000  0.0000000000   0.0000000000  0.0000000000  0.0000000000  0.0000000000  0.0000000000  0.0000000000
 internal   118  118   0.0000000000  0.0000000000  0.0000000000   0.0000000000  0.0000000000  0.0000000000  0.0000000000  0.0000000000  0.0000000000
 internal   119  119   0.0000000000  0.0000000000  0.0000000000   0.0000000000  0.0000000000  0.0000000000  0.0000000000  0.0000000000  0.0000000000
 internal   120  120   0.0000000000  0.0000000000  0.0000000000   0.0000000000  0.0000000000  0.0000000000  0.0000000000  0.0000000000  0.0000000000
 internal   121  121   0.0000000000  0.0000000000  0.0000000000   0.0000000000  0.0000000000  0.0000000000  0.0000000000  0.0000000000  0.0000000000
 internal   122  122   0.0000000000  0.0000000000  0.0000000000   0.0000000000  0.0000000000  0.0000000000  0.0000000000  0.0000000000  0.0000000000
 internal   123  123   0.0000000000  0.0000000000  0.0000000000   0.0000000000  0.0000000000  0.0000000000  0.0000000000  0.0000000000  0.0000000000
 internal   125  125   0.0000000000  0.0000000000  0.0000000000   0.0000000000  0.0000000000  0.0000000000  0.0000000000  0.0000000000  0.0000000000
 internal   126  126   0.0000000000  0.0000000000  0.0000000000   0.0000000000  0.0000000000  0.0000000000  0.0000000000  0.0000000000  0.0000000000
 internal   127  127   0.0000000000  0.0000000000  0.0000000000   0.0000000000  0.0000000000  0.0000000000  0.0000000000  0.0000000000  0.0000000000
 internal   128  128   0.0000000000  0.0000000000  0.0000000000   0.0000000000  0.0000000000  0.0000000000  0.0000000000  0.0000000000  0.0000000000
 internal   129  129   0.0000000000  0.0000000000  0.0000000000   0.0000000000  0.0000000000  0.0000000000  0.0000000000  0.0000000000  0.0000000000
 internal   130  130   0.0000000000  0.0000000000  0.0000000000   0.0000000000  0.0000000000  0.0000000000  0.0000000000  0.0000000000  0.0000000000
 internal   131  131   0.0000000000  0.0000000000  0.0000000000   0.0000000000  0.0000000000  0.0000000000  0.0000000000  0.0000000000  0.0000000000
 internal   132  132   0.0000000000  0.0000000000  0.0000000000   0.0000000000  0.0000000000  0.0000000000  0.0000000000  0.0000000000  0.0000000000
 internal   133  133   0.0000000000  0.0000000000  0.0000000000   0.0000000000  0.0000000000  0.0000000000  0.0000000000  0.0000000000  0.0000000000
 internal   134  134   0.0000000000  0.0000000000  0.0000000000   0.0000000000  0.0000000000  0.0000000000  0.0000000000  0.0000000000  0.0000000000
 internal   135  135   0.0000000000  0.0000000000  0.0000000000   0.0000000000  0.0000000000  0.0000000000  0.0000000000  0.0000000000  0.0000000000
 internal   136  136   0.0000000000  0.0000000000  0.0000000000   0.0000000000  0.0000000000  0.0000000000  0.0000000000  0.0000000000  0.0000000000
 internal   137  137   0.0000000000  0.0000000000  0.0000000000   0.0000000000  0.0000000000  0.0000000000  0.0000000000  0.0000000000  0.0000000000
 internal   138  138   0.0000000000  0.0000000000  0.0000000000   0.0000000000  0.0000000000  0.0000000000  0.0000000000  0.0000000000  0.0000000000
 internal   139  139   0.0000000000  0.0000000000  0.0000000000   0.0000000000  0.0000000000  0.0000000000  0.0000000000  0.0000000000  0.0000000000
 internal   140  140   0.0000000000  0.0000000000  0.0000000000   0.0000000000  0.0000000000  0.0000000000  0.0000000000  0.0000000000  0.0000000000
 internal   141  141   0.0000000000  0.0000000000  0.0000000000   0.0000000000  0.0000000000  0.0000000000  0.0000000000  0.0000000000  0.0000000000
 internal   142  142   0.0000000000  0.0000000000  0.0000000000   0.0000000000  0.0000000000  0.0000000000  0.0000000000  0.0000000000  0.0000000000
 internal   143  143   0.0000000000  0.0000000000  0.0000000000   0.0000000000  0.0000000000  0.0000000000  0.0000000000  0.0000000000  0.0000000000
 internal   144  144   0.0000000000  0.0000000000  0.0000000000   0.0000000000  0.0000000000  0.0000000000  0.0000000000  0.0000000000  0.0000000000
 internal   145  145   0.0000000000  0.0000000000  0.0000000000   0.0000000000  0.0000000000  0.0000000000  0.0000000000  0.0000000000  0.0000000000
 internal   146  146   0.0000000000  0.0000000000  0.0000000000   0.0000000000  0.0000000000  0.0000000000  0.0000000000  0.0000000000  0.0000000000
 internal   147  147   0.0000000000  0.0000000000  0.0000000000   0.0000000000  0.0000000000  0.0000000000  0.0000000000  0.0000000000  0.0000000000
 internal   148  148   0.0000000000  0.0000000000  0.0000000000   0.0000000000  0.0000000000  0.0000000000  0.0000000000  0.0000000000  0.0000000000
 internal   149  149   0.0000000000  0.0000000000  0.0000000000   0.0000000000  0.0000000000  0.0000000000  0.0000000000  0.0000000000  0.0000000000
 internal   150  150   0.0000000000  0.0000000000  0.0000000000   0.0000000000  0.0000000000  0.0000000000  0.0000000000  0.0000000000  0.0000000000
 internal   151  151   0.0000000000  0.0000000000  0.0000000000   0.0000000000  0.0000000000  0.0000000000  0.0000000000  0.0000000000  0.0000000000
 internal   152  152   0.0000000000  0.0000000000  0.0000000000   0.0000000000  0.0000000000  0.0000000000  0.0000000000  0.0000000000  0.0000000000
 internal   153  153   0.0000000000  0.0000000000  0.0000000000   0.0000000000  0.0000000000  0.0000000000  0.0000000000  0.0000000000  0.0000000000
 internal   154  154   0.0000000000  0.0000000000  0.0000000000   0.0000000000  0.0000000000  0.0000000000  0.0000000000  0.0000000000  0.0000000000
 internal   155  155   0.0000000000  0.0000000000  0.0000000000   0.0000000000  0.0000000000  0.0000000000  0.0000000000  0.0000000000  0.0000000000
 internal   156  156   0.0000000000  0.0000000000  0.0000000000   0.0000000000  0.0000000000  0.0000000000  0.0000000000  0.0000000000  0.0000000000
 internal   157  157   0.0000000000  0.0000000000  0.0000000000   0.0000000000  0.0000000000  0.0000000000  0.0000000000  0.0000000000  0.0000000000
 internal   158  158   0.0000000000  0.0000000000  0.0000000000   0.0000000000  0.0000000000  0.0000000000  0.0000000000  0.0000000000  0.0000000000
 internal   159  159   0.0000000000  0.0000000000  0.0000000000   0.0000000000  0.0000000000  0.0000000000  0.0000000000  0.0000000000  0.0000000000
 internal   160  160   0.0000000000  0.0000000000  0.0000000000   0.0000000000  0.0000000000  0.0000000000  0.0000000000  0.0000000000  0.0000000000
 internal   161  161   0.0000000000  0.0000000000  0.0000000000   0.0000000000  0.0000000000  0.0000000000  0.0000000000  0.0000000000  0.0000000000
 internal   162  162   0.0000000000  0.0000000000  0.0000000000   0.0000000000  0.0000000000  0.0000000000  0.0000000000  0.0000000000  0.0000000000
 internal   163  163   0.0000000000  0.0000000000  0.0000000000   0.0000000000  0.0000000000  0.0000000000  0.0000000000  0.0000000000  0.0000000000
 internal   164  164   0.0000000000  0.0000000000  0.0000000000   0.0000000000  0.0000000000  0.0000000000  0.0000000000  0.0000000000  0.0000000000
 internal   166  166   0.0000000000  0.0000000000  0.0000000000   0.0000000000  0.0000000000  0.0000000000  0.0000000000  0.0000000000  0.0000000000
 internal   167  167   0.0000000000  0.0000000000  0.0000000000   0.0000000000  0.0000000000  0.0000000000  0.0000000000  0.0000000000  0.0000000000
 internal   168  168   0.0000000000  0.0000000000  0.0000000000   0.0000000000  0.0000000000  0.0000000000  0.0000000000  0.0000000000  0.0000000000
 internal   169  169   0.0000000000  0.0000000000  0.0000000000   0.0000000000  0.0000000000  0.0000000000  0.0000000000  0.0000000000  0.0000000000
 internal   170  170   0.0000000000  0.0000000000  0.0000000000   0.0000000000  0.0000000000  0.0000000000  0.0000000000  0.0000000000  0.0000000000
 internal   171  171   0.0000000000  0.0000000000  0.0000000000   0.0000000000  0.0000000000  0.0000000000  0.0000000000  0.0000000000  0.0000000000
 internal   172  172   0.0000000000  0.0000000000  0.0000000000   0.0000000000  0.0000000000  0.0000000000  0.0000000000  0.0000000000  0.0000000000
 internal   173  173   0.0000000000  0.0000000000  0.0000000000   0.0000000000  0.0000000000  0.0000000000  0.0000000000  0.0000000000  0.0000000000
 internal   174  174   0.0000000000  0.0000000000  0.0000000000   0.0000000000  0.0000000000  0.0000000000  0.0000000000  0.0000000000  0.0000000000
 internal   175  175   0.0000000000  0.0000000000  0.0000000000   0.0000000000  0.0000000000  0.0000000000  0.0000000000  0.0000000000  0.0000000000
 internal   176  176   0.0000000000  0.0000000000  0.0000000000   0.0000000000  0.0000000000  0.0000000000  0.0000000000  0.0000000000  0.0000000000
 internal   177  177   0.0000000000  0.0000000000  0.0000000000   0.0000000000  0.0000000000  0.0000000000  0.0000000000  0.0000000000  0.0000000000
 internal   178  178   0.0000000000  0.0000000000  0.0000000000   0.0000000000  0.0000000000  0.0000000000  0.0000000000  0.0000000000  0.0000000000
 internal   179  179   0.0000000000  0.0000000000  0.0000000000   0.0000000000  0.0000000000  0.0000000000  0.0000000000  0.0000000000  0.0000000000
 internal   180  180   0.0000000000  0.0000000000  0.0000000000   0.0000000000  0.0000000000  0.0000000000  0.0000000000  0.0000000000  0.0000000000
 internal   181  181   0.0000000000  0.0000000000  0.0000000000   0.0000000000  0.0000000000  0.0000000000  0.0000000000  0.0000000000  0.0000000000
 internal   182  182   0.0000000000  0.0000000000  0.0000000000   0.0000000000  0.0000000000  0.0000000000  0.0000000000  0.0000000000  0.0000000000
 internal   183  183   0.0000000000  0.0000000000  0.0000000000   0.0000000000  0.0000000000  0.0000000000  0.0000000000  0.0000000000  0.0000000000
 internal   184  184   0.0000000000  0.0000000000  0.0000000000   0.0000000000  0.0000000000  0.0000000000  0.0000000000  0.0000000000  0.0000000000
 internal   185  185   0.0000000000  0.0000000000  0.0000000000   0.0000000000  0.0000000000  0.0000000000  0.0000000000  0.0000000000  0.0000000000
 internal   186  186   0.0000000000  0.0000000000  0.0000000000   0.0000000000  0.0000000000  0.0000000000  0.0000000000  0.0000000000  0.0000000000
 internal   187  187   0.0000000000  0.0000000000  0.0000000000   0.0000000000  0.0000000000  0.0000000000  0.0000000000  0.0000000000  0.0000000000
 internal   188  188   0.0000000000  0.0000000000  0.0000000000   0.0000000000  0.0000000000  0.0000000000  0.0000000000  0.0000000000  0.0000000000
 internal   189  189   0.0000000000  0.0000000000  0.0000000000   0.0000000000  0.0000000000  0.0000000000  0.0000000000  0.0000000000  0.0000000000
 internal   190  190   0.0000000000  0.0000000000  0.0000000000   0.0000000000  0.0000000000  0.0000000000  0.0000000000  0.0000000000  0.0000000000
 internal   191  191   0.0000000000  0.0000000000  0.0000000000   0.0000000000  0.0000000000  0.0000000000  0.0000000000  0.0000000000  0.0000000000
 internal   192  192   0.0000000000  0.0000000000  0.0000000000   0.0000000000  0.0000000000  0.0000000000  0.0000000000  0.0000000000  0.0000000000
 internal   193  193   0.0000000000  0.0000000000  0.0000000000   0.0000000000  0.0000000000  0.0000000000  0.0000000000  0.0000000000  0.0000000000
 internal   194  194   0.0000000000  0.0000000000  0.0000000000   0.0000000000  0.0000000000  0.0000000000  0.0000000000  0.0000000000  0.0000000000
 internal   195  195   0.0000000000  0.0000000000  0.0000000000   0.0000000000  0.0000000000  0.0000000000  0.0000000000  0.0000000000  0.0000000000
 internal   196  196   0.0000000000  0.0000000000  0.0000000000   0.0000000000  0.0000000000  0.0000000000  0.0000000000  0.0000000000  0.0000000000
 internal   197  197   0.0000000000  0.0000000000  0.0000000000   0.0000000000  0.0000000000  0.0000000000  0.0000000000  0.0000000000  0.0000000000
 internal   198  198   0.0000000000  0.0000000000  0.0000000000   0.0000000000  0.0000000000  0.0000000000  0.0000000000  0.0000000000  0.0000000000
 internal   199  199   0.0000000000  0.0000000000  0.0000000000   0.0000000000  0.0000000000  0.0000000000  0.0000000000  0.0000000000  0.0000000000
 internal   200  200   0.0000000000  0.0000000000  0.0000000000   0.0000000000  0.0000000000  0.0000000000  0.0000000000  0.0000000000  0.0000000000
 internal   201  201   0.0000000000  0.0000000000  0.0000000000   0.0000000000  0.0000000000  0.0000000000  0.0000000000  0.0000000000  0.0000000000
 internal   202  202   0.0000000000  0.0000000000  0.0000000000   0.0000000000  0.0000000000  0.0000000000  0.0000000000  0.0000000000  0.0000000000
 internal   203  203   0.0000000000  0.0000000000  0.0000000000   0.0000000000  0.0000000000  0.0000000000  0.0000000000  0.0000000000  0.0000000000
 internal   204  204   0.0000000000  0.0000000000  0.0000000000   0.0000000000  0.0000000000  0.0000000000  0.0000000000  0.0000000000  0.0000000000
 internal   205  205   0.0000000000  0.0000000000  0.0000000000   0.0000000000  0.0000000000  0.0000000000  0.0000000000  0.0000000000  0.0000000000

   
   
   
   
   
   
   
   
   
   
   
   
   
   
   
   
   
   
   
   
   
   
   
   
   
   
   
   
   
   
   
   
   
   
   
   
   
   
   
   
   
   
   
   
   
   
   
   
   
   
   
   
   
   
   
   
   
   
   
   
   
   
   
   
   
   
   
   
   
   
   
   
   
   
   
   
   
   
   
   
   
   
   
   
   
   
   
   
   
   
   
   
   
   
   
   
   
   
   
   
   
   
   
   
   
   
   
   
   
   
   
   
   
   
   
   
   
   
      
   
   
   
   
   
   
   
   
   
   
   
   
   
   
   
   
   
   
   
   
   
   
   
   
   
   
   
   
   
   
   
   
   
   
   
   
   
   
