!!
!!
!!number of shells (1), number of material properties (2), number of material sequences (3).
 1 1 1
!!
!!
!!1st shell: number of nodes (1), number of elements (2).	
 205 160
!!
!!
!!1st shell: nodal phi (1, 2, 3), nodal d (4, 5, 6).
    0.00000000000000e+000    0.00000000000000e+000    0.00000000000000e+000    0.00000000000000e+000    0.00000000000000e+000    1.00000000000000e+000
    250.000000000000e-003    0.00000000000000e+000    0.00000000000000e+000    0.00000000000000e+000    0.00000000000000e+000    1.00000000000000e+000
    500.000000000000e-003    0.00000000000000e+000    0.00000000000000e+000    0.00000000000000e+000    0.00000000000000e+000    1.00000000000000e+000
    750.000000000000e-003    0.00000000000000e+000    0.00000000000000e+000    0.00000000000000e+000    0.00000000000000e+000    1.00000000000000e+000
    1.00000000000000e+000    0.00000000000000e+000    0.00000000000000e+000    0.00000000000000e+000    0.00000000000000e+000    1.00000000000000e+000
    1.25000000000000e+000    0.00000000000000e+000    0.00000000000000e+000    0.00000000000000e+000    0.00000000000000e+000    1.00000000000000e+000
    1.50000000000000e+000    0.00000000000000e+000    0.00000000000000e+000    0.00000000000000e+000    0.00000000000000e+000    1.00000000000000e+000
    1.75000000000000e+000    0.00000000000000e+000    0.00000000000000e+000    0.00000000000000e+000    0.00000000000000e+000    1.00000000000000e+000
    2.00000000000000e+000    0.00000000000000e+000    0.00000000000000e+000    0.00000000000000e+000    0.00000000000000e+000    1.00000000000000e+000
    2.25000000000000e+000    0.00000000000000e+000    0.00000000000000e+000    0.00000000000000e+000    0.00000000000000e+000    1.00000000000000e+000
    2.50000000000000e+000    0.00000000000000e+000    0.00000000000000e+000    0.00000000000000e+000    0.00000000000000e+000    1.00000000000000e+000
    2.75000000000000e+000    0.00000000000000e+000    0.00000000000000e+000    0.00000000000000e+000    0.00000000000000e+000    1.00000000000000e+000
    3.00000000000000e+000    0.00000000000000e+000    0.00000000000000e+000    0.00000000000000e+000    0.00000000000000e+000    1.00000000000000e+000
    3.25000000000000e+000    0.00000000000000e+000    0.00000000000000e+000    0.00000000000000e+000    0.00000000000000e+000    1.00000000000000e+000
    3.50000000000000e+000    0.00000000000000e+000    0.00000000000000e+000    0.00000000000000e+000    0.00000000000000e+000    1.00000000000000e+000
    3.75000000000000e+000    0.00000000000000e+000    0.00000000000000e+000    0.00000000000000e+000    0.00000000000000e+000    1.00000000000000e+000
    4.00000000000000e+000    0.00000000000000e+000    0.00000000000000e+000    0.00000000000000e+000    0.00000000000000e+000    1.00000000000000e+000
    4.25000000000000e+000    0.00000000000000e+000    0.00000000000000e+000    0.00000000000000e+000    0.00000000000000e+000    1.00000000000000e+000
    4.50000000000000e+000    0.00000000000000e+000    0.00000000000000e+000    0.00000000000000e+000    0.00000000000000e+000    1.00000000000000e+000
    4.75000000000000e+000    0.00000000000000e+000    0.00000000000000e+000    0.00000000000000e+000    0.00000000000000e+000    1.00000000000000e+000
    5.00000000000000e+000    0.00000000000000e+000    0.00000000000000e+000    0.00000000000000e+000    0.00000000000000e+000    1.00000000000000e+000
    5.25000000000000e+000    0.00000000000000e+000    0.00000000000000e+000    0.00000000000000e+000    0.00000000000000e+000    1.00000000000000e+000
    5.50000000000000e+000    0.00000000000000e+000    0.00000000000000e+000    0.00000000000000e+000    0.00000000000000e+000    1.00000000000000e+000
    5.75000000000000e+000    0.00000000000000e+000    0.00000000000000e+000    0.00000000000000e+000    0.00000000000000e+000    1.00000000000000e+000
    6.00000000000000e+000    0.00000000000000e+000    0.00000000000000e+000    0.00000000000000e+000    0.00000000000000e+000    1.00000000000000e+000
    6.25000000000000e+000    0.00000000000000e+000    0.00000000000000e+000    0.00000000000000e+000    0.00000000000000e+000    1.00000000000000e+000
    6.50000000000000e+000    0.00000000000000e+000    0.00000000000000e+000    0.00000000000000e+000    0.00000000000000e+000    1.00000000000000e+000
    6.75000000000000e+000    0.00000000000000e+000    0.00000000000000e+000    0.00000000000000e+000    0.00000000000000e+000    1.00000000000000e+000
    7.00000000000000e+000    0.00000000000000e+000    0.00000000000000e+000    0.00000000000000e+000    0.00000000000000e+000    1.00000000000000e+000
    7.25000000000000e+000    0.00000000000000e+000    0.00000000000000e+000    0.00000000000000e+000    0.00000000000000e+000    1.00000000000000e+000
    7.50000000000000e+000    0.00000000000000e+000    0.00000000000000e+000    0.00000000000000e+000    0.00000000000000e+000    1.00000000000000e+000
    7.75000000000000e+000    0.00000000000000e+000    0.00000000000000e+000    0.00000000000000e+000    0.00000000000000e+000    1.00000000000000e+000
    8.00000000000000e+000    0.00000000000000e+000    0.00000000000000e+000    0.00000000000000e+000    0.00000000000000e+000    1.00000000000000e+000
    8.25000000000000e+000    0.00000000000000e+000    0.00000000000000e+000    0.00000000000000e+000    0.00000000000000e+000    1.00000000000000e+000
    8.50000000000000e+000    0.00000000000000e+000    0.00000000000000e+000    0.00000000000000e+000    0.00000000000000e+000    1.00000000000000e+000
    8.75000000000000e+000    0.00000000000000e+000    0.00000000000000e+000    0.00000000000000e+000    0.00000000000000e+000    1.00000000000000e+000
    9.00000000000000e+000    0.00000000000000e+000    0.00000000000000e+000    0.00000000000000e+000    0.00000000000000e+000    1.00000000000000e+000
    9.25000000000000e+000    0.00000000000000e+000    0.00000000000000e+000    0.00000000000000e+000    0.00000000000000e+000    1.00000000000000e+000
    9.50000000000000e+000    0.00000000000000e+000    0.00000000000000e+000    0.00000000000000e+000    0.00000000000000e+000    1.00000000000000e+000
    9.75000000000000e+000    0.00000000000000e+000    0.00000000000000e+000    0.00000000000000e+000    0.00000000000000e+000    1.00000000000000e+000
    10.0000000000000e+000    0.00000000000000e+000    0.00000000000000e+000    0.00000000000000e+000    0.00000000000000e+000    1.00000000000000e+000
    0.00000000000000e+000    250.000000000000e-003    0.00000000000000e+000    0.00000000000000e+000    0.00000000000000e+000    1.00000000000000e+000
    250.000000000000e-003    250.000000000000e-003    0.00000000000000e+000    0.00000000000000e+000    0.00000000000000e+000    1.00000000000000e+000
    500.000000000000e-003    250.000000000000e-003    0.00000000000000e+000    0.00000000000000e+000    0.00000000000000e+000    1.00000000000000e+000
    750.000000000000e-003    250.000000000000e-003    0.00000000000000e+000    0.00000000000000e+000    0.00000000000000e+000    1.00000000000000e+000
    1.00000000000000e+000    250.000000000000e-003    0.00000000000000e+000    0.00000000000000e+000    0.00000000000000e+000    1.00000000000000e+000
    1.25000000000000e+000    250.000000000000e-003    0.00000000000000e+000    0.00000000000000e+000    0.00000000000000e+000    1.00000000000000e+000
    1.50000000000000e+000    250.000000000000e-003    0.00000000000000e+000    0.00000000000000e+000    0.00000000000000e+000    1.00000000000000e+000
    1.75000000000000e+000    250.000000000000e-003    0.00000000000000e+000    0.00000000000000e+000    0.00000000000000e+000    1.00000000000000e+000
    2.00000000000000e+000    250.000000000000e-003    0.00000000000000e+000    0.00000000000000e+000    0.00000000000000e+000    1.00000000000000e+000
    2.25000000000000e+000    250.000000000000e-003    0.00000000000000e+000    0.00000000000000e+000    0.00000000000000e+000    1.00000000000000e+000
    2.50000000000000e+000    250.000000000000e-003    0.00000000000000e+000    0.00000000000000e+000    0.00000000000000e+000    1.00000000000000e+000
    2.75000000000000e+000    250.000000000000e-003    0.00000000000000e+000    0.00000000000000e+000    0.00000000000000e+000    1.00000000000000e+000
    3.00000000000000e+000    250.000000000000e-003    0.00000000000000e+000    0.00000000000000e+000    0.00000000000000e+000    1.00000000000000e+000
    3.25000000000000e+000    250.000000000000e-003    0.00000000000000e+000    0.00000000000000e+000    0.00000000000000e+000    1.00000000000000e+000
    3.50000000000000e+000    250.000000000000e-003    0.00000000000000e+000    0.00000000000000e+000    0.00000000000000e+000    1.00000000000000e+000
    3.75000000000000e+000    250.000000000000e-003    0.00000000000000e+000    0.00000000000000e+000    0.00000000000000e+000    1.00000000000000e+000
    4.00000000000000e+000    250.000000000000e-003    0.00000000000000e+000    0.00000000000000e+000    0.00000000000000e+000    1.00000000000000e+000
    4.25000000000000e+000    250.000000000000e-003    0.00000000000000e+000    0.00000000000000e+000    0.00000000000000e+000    1.00000000000000e+000
    4.50000000000000e+000    250.000000000000e-003    0.00000000000000e+000    0.00000000000000e+000    0.00000000000000e+000    1.00000000000000e+000
    4.75000000000000e+000    250.000000000000e-003    0.00000000000000e+000    0.00000000000000e+000    0.00000000000000e+000    1.00000000000000e+000
    5.00000000000000e+000    250.000000000000e-003    0.00000000000000e+000    0.00000000000000e+000    0.00000000000000e+000    1.00000000000000e+000
    5.25000000000000e+000    250.000000000000e-003    0.00000000000000e+000    0.00000000000000e+000    0.00000000000000e+000    1.00000000000000e+000
    5.50000000000000e+000    250.000000000000e-003    0.00000000000000e+000    0.00000000000000e+000    0.00000000000000e+000    1.00000000000000e+000
    5.75000000000000e+000    250.000000000000e-003    0.00000000000000e+000    0.00000000000000e+000    0.00000000000000e+000    1.00000000000000e+000
    6.00000000000000e+000    250.000000000000e-003    0.00000000000000e+000    0.00000000000000e+000    0.00000000000000e+000    1.00000000000000e+000
    6.25000000000000e+000    250.000000000000e-003    0.00000000000000e+000    0.00000000000000e+000    0.00000000000000e+000    1.00000000000000e+000
    6.50000000000000e+000    250.000000000000e-003    0.00000000000000e+000    0.00000000000000e+000    0.00000000000000e+000    1.00000000000000e+000
    6.75000000000000e+000    250.000000000000e-003    0.00000000000000e+000    0.00000000000000e+000    0.00000000000000e+000    1.00000000000000e+000
    7.00000000000000e+000    250.000000000000e-003    0.00000000000000e+000    0.00000000000000e+000    0.00000000000000e+000    1.00000000000000e+000
    7.25000000000000e+000    250.000000000000e-003    0.00000000000000e+000    0.00000000000000e+000    0.00000000000000e+000    1.00000000000000e+000
    7.50000000000000e+000    250.000000000000e-003    0.00000000000000e+000    0.00000000000000e+000    0.00000000000000e+000    1.00000000000000e+000
    7.75000000000000e+000    250.000000000000e-003    0.00000000000000e+000    0.00000000000000e+000    0.00000000000000e+000    1.00000000000000e+000
    8.00000000000000e+000    250.000000000000e-003    0.00000000000000e+000    0.00000000000000e+000    0.00000000000000e+000    1.00000000000000e+000
    8.25000000000000e+000    250.000000000000e-003    0.00000000000000e+000    0.00000000000000e+000    0.00000000000000e+000    1.00000000000000e+000
    8.50000000000000e+000    250.000000000000e-003    0.00000000000000e+000    0.00000000000000e+000    0.00000000000000e+000    1.00000000000000e+000
    8.75000000000000e+000    250.000000000000e-003    0.00000000000000e+000    0.00000000000000e+000    0.00000000000000e+000    1.00000000000000e+000
    9.00000000000000e+000    250.000000000000e-003    0.00000000000000e+000    0.00000000000000e+000    0.00000000000000e+000    1.00000000000000e+000
    9.25000000000000e+000    250.000000000000e-003    0.00000000000000e+000    0.00000000000000e+000    0.00000000000000e+000    1.00000000000000e+000
    9.50000000000000e+000    250.000000000000e-003    0.00000000000000e+000    0.00000000000000e+000    0.00000000000000e+000    1.00000000000000e+000
    9.75000000000000e+000    250.000000000000e-003    0.00000000000000e+000    0.00000000000000e+000    0.00000000000000e+000    1.00000000000000e+000
    10.0000000000000e+000    250.000000000000e-003    0.00000000000000e+000    0.00000000000000e+000    0.00000000000000e+000    1.00000000000000e+000
    0.00000000000000e+000    500.000000000000e-003    0.00000000000000e+000    0.00000000000000e+000    0.00000000000000e+000    1.00000000000000e+000
    250.000000000000e-003    500.000000000000e-003    0.00000000000000e+000    0.00000000000000e+000    0.00000000000000e+000    1.00000000000000e+000
    500.000000000000e-003    500.000000000000e-003    0.00000000000000e+000    0.00000000000000e+000    0.00000000000000e+000    1.00000000000000e+000
    750.000000000000e-003    500.000000000000e-003    0.00000000000000e+000    0.00000000000000e+000    0.00000000000000e+000    1.00000000000000e+000
    1.00000000000000e+000    500.000000000000e-003    0.00000000000000e+000    0.00000000000000e+000    0.00000000000000e+000    1.00000000000000e+000
    1.25000000000000e+000    500.000000000000e-003    0.00000000000000e+000    0.00000000000000e+000    0.00000000000000e+000    1.00000000000000e+000
    1.50000000000000e+000    500.000000000000e-003    0.00000000000000e+000    0.00000000000000e+000    0.00000000000000e+000    1.00000000000000e+000
    1.75000000000000e+000    500.000000000000e-003    0.00000000000000e+000    0.00000000000000e+000    0.00000000000000e+000    1.00000000000000e+000
    2.00000000000000e+000    500.000000000000e-003    0.00000000000000e+000    0.00000000000000e+000    0.00000000000000e+000    1.00000000000000e+000
    2.25000000000000e+000    500.000000000000e-003    0.00000000000000e+000    0.00000000000000e+000    0.00000000000000e+000    1.00000000000000e+000
    2.50000000000000e+000    500.000000000000e-003    0.00000000000000e+000    0.00000000000000e+000    0.00000000000000e+000    1.00000000000000e+000
    2.75000000000000e+000    500.000000000000e-003    0.00000000000000e+000    0.00000000000000e+000    0.00000000000000e+000    1.00000000000000e+000
    3.00000000000000e+000    500.000000000000e-003    0.00000000000000e+000    0.00000000000000e+000    0.00000000000000e+000    1.00000000000000e+000
    3.25000000000000e+000    500.000000000000e-003    0.00000000000000e+000    0.00000000000000e+000    0.00000000000000e+000    1.00000000000000e+000
    3.50000000000000e+000    500.000000000000e-003    0.00000000000000e+000    0.00000000000000e+000    0.00000000000000e+000    1.00000000000000e+000
    3.75000000000000e+000    500.000000000000e-003    0.00000000000000e+000    0.00000000000000e+000    0.00000000000000e+000    1.00000000000000e+000
    4.00000000000000e+000    500.000000000000e-003    0.00000000000000e+000    0.00000000000000e+000    0.00000000000000e+000    1.00000000000000e+000
    4.25000000000000e+000    500.000000000000e-003    0.00000000000000e+000    0.00000000000000e+000    0.00000000000000e+000    1.00000000000000e+000
    4.50000000000000e+000    500.000000000000e-003    0.00000000000000e+000    0.00000000000000e+000    0.00000000000000e+000    1.00000000000000e+000
    4.75000000000000e+000    500.000000000000e-003    0.00000000000000e+000    0.00000000000000e+000    0.00000000000000e+000    1.00000000000000e+000
    5.00000000000000e+000    500.000000000000e-003    0.00000000000000e+000    0.00000000000000e+000    0.00000000000000e+000    1.00000000000000e+000
    5.25000000000000e+000    500.000000000000e-003    0.00000000000000e+000    0.00000000000000e+000    0.00000000000000e+000    1.00000000000000e+000
    5.50000000000000e+000    500.000000000000e-003    0.00000000000000e+000    0.00000000000000e+000    0.00000000000000e+000    1.00000000000000e+000
    5.75000000000000e+000    500.000000000000e-003    0.00000000000000e+000    0.00000000000000e+000    0.00000000000000e+000    1.00000000000000e+000
    6.00000000000000e+000    500.000000000000e-003    0.00000000000000e+000    0.00000000000000e+000    0.00000000000000e+000    1.00000000000000e+000
    6.25000000000000e+000    500.000000000000e-003    0.00000000000000e+000    0.00000000000000e+000    0.00000000000000e+000    1.00000000000000e+000
    6.50000000000000e+000    500.000000000000e-003    0.00000000000000e+000    0.00000000000000e+000    0.00000000000000e+000    1.00000000000000e+000
    6.75000000000000e+000    500.000000000000e-003    0.00000000000000e+000    0.00000000000000e+000    0.00000000000000e+000    1.00000000000000e+000
    7.00000000000000e+000    500.000000000000e-003    0.00000000000000e+000    0.00000000000000e+000    0.00000000000000e+000    1.00000000000000e+000
    7.25000000000000e+000    500.000000000000e-003    0.00000000000000e+000    0.00000000000000e+000    0.00000000000000e+000    1.00000000000000e+000
    7.50000000000000e+000    500.000000000000e-003    0.00000000000000e+000    0.00000000000000e+000    0.00000000000000e+000    1.00000000000000e+000
    7.75000000000000e+000    500.000000000000e-003    0.00000000000000e+000    0.00000000000000e+000    0.00000000000000e+000    1.00000000000000e+000
    8.00000000000000e+000    500.000000000000e-003    0.00000000000000e+000    0.00000000000000e+000    0.00000000000000e+000    1.00000000000000e+000
    8.25000000000000e+000    500.000000000000e-003    0.00000000000000e+000    0.00000000000000e+000    0.00000000000000e+000    1.00000000000000e+000
    8.50000000000000e+000    500.000000000000e-003    0.00000000000000e+000    0.00000000000000e+000    0.00000000000000e+000    1.00000000000000e+000
    8.75000000000000e+000    500.000000000000e-003    0.00000000000000e+000    0.00000000000000e+000    0.00000000000000e+000    1.00000000000000e+000
    9.00000000000000e+000    500.000000000000e-003    0.00000000000000e+000    0.00000000000000e+000    0.00000000000000e+000    1.00000000000000e+000
    9.25000000000000e+000    500.000000000000e-003    0.00000000000000e+000    0.00000000000000e+000    0.00000000000000e+000    1.00000000000000e+000
    9.50000000000000e+000    500.000000000000e-003    0.00000000000000e+000    0.00000000000000e+000    0.00000000000000e+000    1.00000000000000e+000
    9.75000000000000e+000    500.000000000000e-003    0.00000000000000e+000    0.00000000000000e+000    0.00000000000000e+000    1.00000000000000e+000
    10.0000000000000e+000    500.000000000000e-003    0.00000000000000e+000    0.00000000000000e+000    0.00000000000000e+000    1.00000000000000e+000
    0.00000000000000e+000    750.000000000000e-003    0.00000000000000e+000    0.00000000000000e+000    0.00000000000000e+000    1.00000000000000e+000
    250.000000000000e-003    750.000000000000e-003    0.00000000000000e+000    0.00000000000000e+000    0.00000000000000e+000    1.00000000000000e+000
    500.000000000000e-003    750.000000000000e-003    0.00000000000000e+000    0.00000000000000e+000    0.00000000000000e+000    1.00000000000000e+000
    750.000000000000e-003    750.000000000000e-003    0.00000000000000e+000    0.00000000000000e+000    0.00000000000000e+000    1.00000000000000e+000
    1.00000000000000e+000    750.000000000000e-003    0.00000000000000e+000    0.00000000000000e+000    0.00000000000000e+000    1.00000000000000e+000
    1.25000000000000e+000    750.000000000000e-003    0.00000000000000e+000    0.00000000000000e+000    0.00000000000000e+000    1.00000000000000e+000
    1.50000000000000e+000    750.000000000000e-003    0.00000000000000e+000    0.00000000000000e+000    0.00000000000000e+000    1.00000000000000e+000
    1.75000000000000e+000    750.000000000000e-003    0.00000000000000e+000    0.00000000000000e+000    0.00000000000000e+000    1.00000000000000e+000
    2.00000000000000e+000    750.000000000000e-003    0.00000000000000e+000    0.00000000000000e+000    0.00000000000000e+000    1.00000000000000e+000
    2.25000000000000e+000    750.000000000000e-003    0.00000000000000e+000    0.00000000000000e+000    0.00000000000000e+000    1.00000000000000e+000
    2.50000000000000e+000    750.000000000000e-003    0.00000000000000e+000    0.00000000000000e+000    0.00000000000000e+000    1.00000000000000e+000
    2.75000000000000e+000    750.000000000000e-003    0.00000000000000e+000    0.00000000000000e+000    0.00000000000000e+000    1.00000000000000e+000
    3.00000000000000e+000    750.000000000000e-003    0.00000000000000e+000    0.00000000000000e+000    0.00000000000000e+000    1.00000000000000e+000
    3.25000000000000e+000    750.000000000000e-003    0.00000000000000e+000    0.00000000000000e+000    0.00000000000000e+000    1.00000000000000e+000
    3.50000000000000e+000    750.000000000000e-003    0.00000000000000e+000    0.00000000000000e+000    0.00000000000000e+000    1.00000000000000e+000
    3.75000000000000e+000    750.000000000000e-003    0.00000000000000e+000    0.00000000000000e+000    0.00000000000000e+000    1.00000000000000e+000
    4.00000000000000e+000    750.000000000000e-003    0.00000000000000e+000    0.00000000000000e+000    0.00000000000000e+000    1.00000000000000e+000
    4.25000000000000e+000    750.000000000000e-003    0.00000000000000e+000    0.00000000000000e+000    0.00000000000000e+000    1.00000000000000e+000
    4.50000000000000e+000    750.000000000000e-003    0.00000000000000e+000    0.00000000000000e+000    0.00000000000000e+000    1.00000000000000e+000
    4.75000000000000e+000    750.000000000000e-003    0.00000000000000e+000    0.00000000000000e+000    0.00000000000000e+000    1.00000000000000e+000
    5.00000000000000e+000    750.000000000000e-003    0.00000000000000e+000    0.00000000000000e+000    0.00000000000000e+000    1.00000000000000e+000
    5.25000000000000e+000    750.000000000000e-003    0.00000000000000e+000    0.00000000000000e+000    0.00000000000000e+000    1.00000000000000e+000
    5.50000000000000e+000    750.000000000000e-003    0.00000000000000e+000    0.00000000000000e+000    0.00000000000000e+000    1.00000000000000e+000
    5.75000000000000e+000    750.000000000000e-003    0.00000000000000e+000    0.00000000000000e+000    0.00000000000000e+000    1.00000000000000e+000
    6.00000000000000e+000    750.000000000000e-003    0.00000000000000e+000    0.00000000000000e+000    0.00000000000000e+000    1.00000000000000e+000
    6.25000000000000e+000    750.000000000000e-003    0.00000000000000e+000    0.00000000000000e+000    0.00000000000000e+000    1.00000000000000e+000
    6.50000000000000e+000    750.000000000000e-003    0.00000000000000e+000    0.00000000000000e+000    0.00000000000000e+000    1.00000000000000e+000
    6.75000000000000e+000    750.000000000000e-003    0.00000000000000e+000    0.00000000000000e+000    0.00000000000000e+000    1.00000000000000e+000
    7.00000000000000e+000    750.000000000000e-003    0.00000000000000e+000    0.00000000000000e+000    0.00000000000000e+000    1.00000000000000e+000
    7.25000000000000e+000    750.000000000000e-003    0.00000000000000e+000    0.00000000000000e+000    0.00000000000000e+000    1.00000000000000e+000
    7.50000000000000e+000    750.000000000000e-003    0.00000000000000e+000    0.00000000000000e+000    0.00000000000000e+000    1.00000000000000e+000
    7.75000000000000e+000    750.000000000000e-003    0.00000000000000e+000    0.00000000000000e+000    0.00000000000000e+000    1.00000000000000e+000
    8.00000000000000e+000    750.000000000000e-003    0.00000000000000e+000    0.00000000000000e+000    0.00000000000000e+000    1.00000000000000e+000
    8.25000000000000e+000    750.000000000000e-003    0.00000000000000e+000    0.00000000000000e+000    0.00000000000000e+000    1.00000000000000e+000
    8.50000000000000e+000    750.000000000000e-003    0.00000000000000e+000    0.00000000000000e+000    0.00000000000000e+000    1.00000000000000e+000
    8.75000000000000e+000    750.000000000000e-003    0.00000000000000e+000    0.00000000000000e+000    0.00000000000000e+000    1.00000000000000e+000
    9.00000000000000e+000    750.000000000000e-003    0.00000000000000e+000    0.00000000000000e+000    0.00000000000000e+000    1.00000000000000e+000
    9.25000000000000e+000    750.000000000000e-003    0.00000000000000e+000    0.00000000000000e+000    0.00000000000000e+000    1.00000000000000e+000
    9.50000000000000e+000    750.000000000000e-003    0.00000000000000e+000    0.00000000000000e+000    0.00000000000000e+000    1.00000000000000e+000
    9.75000000000000e+000    750.000000000000e-003    0.00000000000000e+000    0.00000000000000e+000    0.00000000000000e+000    1.00000000000000e+000
    10.0000000000000e+000    750.000000000000e-003    0.00000000000000e+000    0.00000000000000e+000    0.00000000000000e+000    1.00000000000000e+000
    0.00000000000000e+000    1.00000000000000e+000    0.00000000000000e+000    0.00000000000000e+000    0.00000000000000e+000    1.00000000000000e+000
    250.000000000000e-003    1.00000000000000e+000    0.00000000000000e+000    0.00000000000000e+000    0.00000000000000e+000    1.00000000000000e+000
    500.000000000000e-003    1.00000000000000e+000    0.00000000000000e+000    0.00000000000000e+000    0.00000000000000e+000    1.00000000000000e+000
    750.000000000000e-003    1.00000000000000e+000    0.00000000000000e+000    0.00000000000000e+000    0.00000000000000e+000    1.00000000000000e+000
    1.00000000000000e+000    1.00000000000000e+000    0.00000000000000e+000    0.00000000000000e+000    0.00000000000000e+000    1.00000000000000e+000
    1.25000000000000e+000    1.00000000000000e+000    0.00000000000000e+000    0.00000000000000e+000    0.00000000000000e+000    1.00000000000000e+000
    1.50000000000000e+000    1.00000000000000e+000    0.00000000000000e+000    0.00000000000000e+000    0.00000000000000e+000    1.00000000000000e+000
    1.75000000000000e+000    1.00000000000000e+000    0.00000000000000e+000    0.00000000000000e+000    0.00000000000000e+000    1.00000000000000e+000
    2.00000000000000e+000    1.00000000000000e+000    0.00000000000000e+000    0.00000000000000e+000    0.00000000000000e+000    1.00000000000000e+000
    2.25000000000000e+000    1.00000000000000e+000    0.00000000000000e+000    0.00000000000000e+000    0.00000000000000e+000    1.00000000000000e+000
    2.50000000000000e+000    1.00000000000000e+000    0.00000000000000e+000    0.00000000000000e+000    0.00000000000000e+000    1.00000000000000e+000
    2.75000000000000e+000    1.00000000000000e+000    0.00000000000000e+000    0.00000000000000e+000    0.00000000000000e+000    1.00000000000000e+000
    3.00000000000000e+000    1.00000000000000e+000    0.00000000000000e+000    0.00000000000000e+000    0.00000000000000e+000    1.00000000000000e+000
    3.25000000000000e+000    1.00000000000000e+000    0.00000000000000e+000    0.00000000000000e+000    0.00000000000000e+000    1.00000000000000e+000
    3.50000000000000e+000    1.00000000000000e+000    0.00000000000000e+000    0.00000000000000e+000    0.00000000000000e+000    1.00000000000000e+000
    3.75000000000000e+000    1.00000000000000e+000    0.00000000000000e+000    0.00000000000000e+000    0.00000000000000e+000    1.00000000000000e+000
    4.00000000000000e+000    1.00000000000000e+000    0.00000000000000e+000    0.00000000000000e+000    0.00000000000000e+000    1.00000000000000e+000
    4.25000000000000e+000    1.00000000000000e+000    0.00000000000000e+000    0.00000000000000e+000    0.00000000000000e+000    1.00000000000000e+000
    4.50000000000000e+000    1.00000000000000e+000    0.00000000000000e+000    0.00000000000000e+000    0.00000000000000e+000    1.00000000000000e+000
    4.75000000000000e+000    1.00000000000000e+000    0.00000000000000e+000    0.00000000000000e+000    0.00000000000000e+000    1.00000000000000e+000
    5.00000000000000e+000    1.00000000000000e+000    0.00000000000000e+000    0.00000000000000e+000    0.00000000000000e+000    1.00000000000000e+000
    5.25000000000000e+000    1.00000000000000e+000    0.00000000000000e+000    0.00000000000000e+000    0.00000000000000e+000    1.00000000000000e+000
    5.50000000000000e+000    1.00000000000000e+000    0.00000000000000e+000    0.00000000000000e+000    0.00000000000000e+000    1.00000000000000e+000
    5.75000000000000e+000    1.00000000000000e+000    0.00000000000000e+000    0.00000000000000e+000    0.00000000000000e+000    1.00000000000000e+000
    6.00000000000000e+000    1.00000000000000e+000    0.00000000000000e+000    0.00000000000000e+000    0.00000000000000e+000    1.00000000000000e+000
    6.25000000000000e+000    1.00000000000000e+000    0.00000000000000e+000    0.00000000000000e+000    0.00000000000000e+000    1.00000000000000e+000
    6.50000000000000e+000    1.00000000000000e+000    0.00000000000000e+000    0.00000000000000e+000    0.00000000000000e+000    1.00000000000000e+000
    6.75000000000000e+000    1.00000000000000e+000    0.00000000000000e+000    0.00000000000000e+000    0.00000000000000e+000    1.00000000000000e+000
    7.00000000000000e+000    1.00000000000000e+000    0.00000000000000e+000    0.00000000000000e+000    0.00000000000000e+000    1.00000000000000e+000
    7.25000000000000e+000    1.00000000000000e+000    0.00000000000000e+000    0.00000000000000e+000    0.00000000000000e+000    1.00000000000000e+000
    7.50000000000000e+000    1.00000000000000e+000    0.00000000000000e+000    0.00000000000000e+000    0.00000000000000e+000    1.00000000000000e+000
    7.75000000000000e+000    1.00000000000000e+000    0.00000000000000e+000    0.00000000000000e+000    0.00000000000000e+000    1.00000000000000e+000
    8.00000000000000e+000    1.00000000000000e+000    0.00000000000000e+000    0.00000000000000e+000    0.00000000000000e+000    1.00000000000000e+000
    8.25000000000000e+000    1.00000000000000e+000    0.00000000000000e+000    0.00000000000000e+000    0.00000000000000e+000    1.00000000000000e+000
    8.50000000000000e+000    1.00000000000000e+000    0.00000000000000e+000    0.00000000000000e+000    0.00000000000000e+000    1.00000000000000e+000
    8.75000000000000e+000    1.00000000000000e+000    0.00000000000000e+000    0.00000000000000e+000    0.00000000000000e+000    1.00000000000000e+000
    9.00000000000000e+000    1.00000000000000e+000    0.00000000000000e+000    0.00000000000000e+000    0.00000000000000e+000    1.00000000000000e+000
    9.25000000000000e+000    1.00000000000000e+000    0.00000000000000e+000    0.00000000000000e+000    0.00000000000000e+000    1.00000000000000e+000
    9.50000000000000e+000    1.00000000000000e+000    0.00000000000000e+000    0.00000000000000e+000    0.00000000000000e+000    1.00000000000000e+000
    9.75000000000000e+000    1.00000000000000e+000    0.00000000000000e+000    0.00000000000000e+000    0.00000000000000e+000    1.00000000000000e+000
    10.0000000000000e+000    1.00000000000000e+000    0.00000000000000e+000    0.00000000000000e+000    0.00000000000000e+000    1.00000000000000e+000
!!
!!
!!1st shell: connectivities (1, 2, 3, 4), material sequence (5).
    43    42     1     2     1
    44    43     2     3     1
    45    44     3     4     1
    46    45     4     5     1
    47    46     5     6     1
    48    47     6     7     1
    49    48     7     8     1
    50    49     8     9     1
    51    50     9    10     1
    52    51    10    11     1
    53    52    11    12     1
    54    53    12    13     1
    55    54    13    14     1
    56    55    14    15     1
    57    56    15    16     1
    58    57    16    17     1
    59    58    17    18     1
    60    59    18    19     1
    61    60    19    20     1
    62    61    20    21     1
    63    62    21    22     1
    64    63    22    23     1
    65    64    23    24     1
    66    65    24    25     1
    67    66    25    26     1
    68    67    26    27     1
    69    68    27    28     1
    70    69    28    29     1
    71    70    29    30     1
    72    71    30    31     1
    73    72    31    32     1
    74    73    32    33     1
    75    74    33    34     1
    76    75    34    35     1
    77    76    35    36     1
    78    77    36    37     1
    79    78    37    38     1
    80    79    38    39     1
    81    80    39    40     1
    82    81    40    41     1
    84    83    42    43     1
    85    84    43    44     1
    86    85    44    45     1
    87    86    45    46     1
    88    87    46    47     1
    89    88    47    48     1
    90    89    48    49     1
    91    90    49    50     1
    92    91    50    51     1
    93    92    51    52     1
    94    93    52    53     1
    95    94    53    54     1
    96    95    54    55     1
    97    96    55    56     1
    98    97    56    57     1
    99    98    57    58     1
   100    99    58    59     1
   101   100    59    60     1
   102   101    60    61     1
   103   102    61    62     1
   104   103    62    63     1
   105   104    63    64     1
   106   105    64    65     1
   107   106    65    66     1
   108   107    66    67     1
   109   108    67    68     1
   110   109    68    69     1
   111   110    69    70     1
   112   111    70    71     1
   113   112    71    72     1
   114   113    72    73     1
   115   114    73    74     1
   116   115    74    75     1
   117   116    75    76     1
   118   117    76    77     1
   119   118    77    78     1
   120   119    78    79     1
   121   120    79    80     1
   122   121    80    81     1
   123   122    81    82     1
   125   124    83    84     1
   126   125    84    85     1
   127   126    85    86     1
   128   127    86    87     1
   129   128    87    88     1
   130   129    88    89     1
   131   130    89    90     1
   132   131    90    91     1
   133   132    91    92     1
   134   133    92    93     1
   135   134    93    94     1
   136   135    94    95     1
   137   136    95    96     1
   138   137    96    97     1
   139   138    97    98     1
   140   139    98    99     1
   141   140    99   100     1
   142   141   100   101     1
   143   142   101   102     1
   144   143   102   103     1
   145   144   103   104     1
   146   145   104   105     1
   147   146   105   106     1
   148   147   106   107     1
   149   148   107   108     1
   150   149   108   109     1
   151   150   109   110     1
   152   151   110   111     1
   153   152   111   112     1
   154   153   112   113     1
   155   154   113   114     1
   156   155   114   115     1
   157   156   115   116     1
   158   157   116   117     1
   159   158   117   118     1
   160   159   118   119     1
   161   160   119   120     1
   162   161   120   121     1
   163   162   121   122     1
   164   163   122   123     1
   166   165   124   125     1
   167   166   125   126     1
   168   167   126   127     1
   169   168   127   128     1
   170   169   128   129     1
   171   170   129   130     1
   172   171   130   131     1
   173   172   131   132     1
   174   173   132   133     1
   175   174   133   134     1
   176   175   134   135     1
   177   176   135   136     1
   178   177   136   137     1
   179   178   137   138     1
   180   179   138   139     1
   181   180   139   140     1
   182   181   140   141     1
   183   182   141   142     1
   184   183   142   143     1
   185   184   143   144     1
   186   185   144   145     1
   187   186   145   146     1
   188   187   146   147     1
   189   188   147   148     1
   190   189   148   149     1
   191   190   149   150     1
   192   191   150   151     1
   193   192   151   152     1
   194   193   152   153     1
   195   194   153   154     1
   196   195   154   155     1
   197   196   155   156     1
   198   197   156   157     1
   199   198   157   158     1
   200   199   158   159     1
   201   200   159   160     1
   202   201   160   161     1
   203   202   161   162     1
   204   203   162   163     1
   205   204   163   164     1
!!
!!
!!1st material property: row 1, E1 (1),  E2 (2),  E3 (3),  G23 (4), G13 (5), G12 (6), nu23 (7), nu13 (8), nu12 (9), row 2, rho (10), row 3, alpha_s (12), alpha_v (11)
 1379.0d5 1448.0d4 1448.0d4 586.0d4  586.0d4  586.0d4  0.21d0    0.21d0    0.21d0
 5.0d0
 0.1d0 0.1d0
!!
!!
!!1st material sequence: row 1, number of layers (1), row 2: material(2..number of layers+1), row 3: thickness (number of layers+2:2*number of layers+1), row 4: angle in degrees (2*number of layers+2:3*number of layers+1).
 4
 1           1           1           1       
 0.036975d0  0.036975d0  0.036975d0  0.036975d0
 45.0d0     -45.0d0     -45.0d0      45.0d0