!! 
!! 
!! number of beams (1), number of cross-section properties (2).
2 1 
!! 
!! 
!! beam 1: number of nodes (1), number of elements (2). 
21 20 
!! 
!! 
!! beam 1: nodal phi (1, 2, 3), nodal d1 (4, 5, 6), nodal d2 (7, 8, 9), nodal d3 (10, 11, 12). 
40.00	0.00	0.00	0.00	0.00	-1.00	0.00	1.00	0.00	1.00	0.00	0.00
41.00	0.00	0.00	0.00	0.00	-1.00	0.00	1.00	0.00	1.00	0.00	0.00
42.00	0.00	0.00	0.00	0.00	-1.00	0.00	1.00	0.00	1.00	0.00	0.00
43.00	0.00	0.00	0.00	0.00	-1.00	0.00	1.00	0.00	1.00	0.00	0.00
44.00	0.00	0.00	0.00	0.00	-1.00	0.00	1.00	0.00	1.00	0.00	0.00
45.00	0.00	0.00	0.00	0.00	-1.00	0.00	1.00	0.00	1.00	0.00	0.00
46.00	0.00	0.00	0.00	0.00	-1.00	0.00	1.00	0.00	1.00	0.00	0.00
47.00	0.00	0.00	0.00	0.00	-1.00	0.00	1.00	0.00	1.00	0.00	0.00
48.00	0.00	0.00	0.00	0.00	-1.00	0.00	1.00	0.00	1.00	0.00	0.00
49.00	0.00	0.00	0.00	0.00	-1.00	0.00	1.00	0.00	1.00	0.00	0.00
50.00	0.00	0.00	0.00	0.00	-1.00	0.00	1.00	0.00	1.00	0.00	0.00
51.00	0.00	0.00	0.00	0.00	-1.00	0.00	1.00	0.00	1.00	0.00	0.00
52.00	0.00	0.00	0.00	0.00	-1.00	0.00	1.00	0.00	1.00	0.00	0.00
53.00	0.00	0.00	0.00	0.00	-1.00	0.00	1.00	0.00	1.00	0.00	0.00
54.00	0.00	0.00	0.00	0.00	-1.00	0.00	1.00	0.00	1.00	0.00	0.00
55.00	0.00	0.00	0.00	0.00	-1.00	0.00	1.00	0.00	1.00	0.00	0.00
56.00	0.00	0.00	0.00	0.00	-1.00	0.00	1.00	0.00	1.00	0.00	0.00
57.00	0.00	0.00	0.00	0.00	-1.00	0.00	1.00	0.00	1.00	0.00	0.00
58.00	0.00	0.00	0.00	0.00	-1.00	0.00	1.00	0.00	1.00	0.00	0.00
59.00	0.00	0.00	0.00	0.00	-1.00	0.00	1.00	0.00	1.00	0.00	0.00
60.00	0.00	0.00	0.00	0.00	-1.00	0.00	1.00	0.00	1.00	0.00	0.00
!!
!!
!! beam 1: connectivities (1, 2), cross-section property (3). 
1	2	1
2	3	1
3	4	1
4	5	1
5	6	1
6	7	1
7	8	1
8	9	1
9	10	1
10	11	1
11	12	1
12	13	1
13	14	1
14	15	1
15	16	1
16	17	1
17	18	1
18	19	1
19	20	1
20	21	1
!! 
!! 
!! beam 1: number of nodes (1), number of elements (2). 
61 60 
!!
!!
!! beam 1: nodal phi (1, 2, 3), nodal d1 (4, 5, 6), nodal d2 (7, 8, 9), nodal d3 (10, 11, 12). 
60.0	0.0	0.0	1.0	0.0	0.0	0.0	1.0	0.0	0.0	0.0	1.0
60.0	0.0	1.0	1.0	0.0	0.0	0.0	1.0	0.0	0.0	0.0	1.0
60.0	0.0	2.0	1.0	0.0	0.0	0.0	1.0	0.0	0.0	0.0	1.0
60.0	0.0	3.0	1.0	0.0	0.0	0.0	1.0	0.0	0.0	0.0	1.0
60.0	0.0	4.0	1.0	0.0	0.0	0.0	1.0	0.0	0.0	0.0	1.0
60.0	0.0	5.0	1.0	0.0	0.0	0.0	1.0	0.0	0.0	0.0	1.0
60.0	0.0	6.0	1.0	0.0	0.0	0.0	1.0	0.0	0.0	0.0	1.0
60.0	0.0	7.0	1.0	0.0	0.0	0.0	1.0	0.0	0.0	0.0	1.0
60.0	0.0	8.0	1.0	0.0	0.0	0.0	1.0	0.0	0.0	0.0	1.0
60.0	0.0	9.0	1.0	0.0	0.0	0.0	1.0	0.0	0.0	0.0	1.0
60.0	0.0	10.0	1.0	0.0	0.0	0.0	1.0	0.0	0.0	0.0	1.0
60.0	0.0	11.0	1.0	0.0	0.0	0.0	1.0	0.0	0.0	0.0	1.0
60.0	0.0	12.0	1.0	0.0	0.0	0.0	1.0	0.0	0.0	0.0	1.0
60.0	0.0	13.0	1.0	0.0	0.0	0.0	1.0	0.0	0.0	0.0	1.0
60.0	0.0	14.0	1.0	0.0	0.0	0.0	1.0	0.0	0.0	0.0	1.0
60.0	0.0	15.0	1.0	0.0	0.0	0.0	1.0	0.0	0.0	0.0	1.0
60.0	0.0	16.0	1.0	0.0	0.0	0.0	1.0	0.0	0.0	0.0	1.0
60.0	0.0	17.0	1.0	0.0	0.0	0.0	1.0	0.0	0.0	0.0	1.0
60.0	0.0	18.0	1.0	0.0	0.0	0.0	1.0	0.0	0.0	0.0	1.0
60.0	0.0	19.0	1.0	0.0	0.0	0.0	1.0	0.0	0.0	0.0	1.0
60.0	0.0	20.0	1.0	0.0	0.0	0.0	1.0	0.0	0.0	0.0	1.0
60.0	0.0	21.0	1.0	0.0	0.0	0.0	1.0	0.0	0.0	0.0	1.0
60.0	0.0	22.0	1.0	0.0	0.0	0.0	1.0	0.0	0.0	0.0	1.0
60.0	0.0	23.0	1.0	0.0	0.0	0.0	1.0	0.0	0.0	0.0	1.0
60.0	0.0	24.0	1.0	0.0	0.0	0.0	1.0	0.0	0.0	0.0	1.0
60.0	0.0	25.0	1.0	0.0	0.0	0.0	1.0	0.0	0.0	0.0	1.0
60.0	0.0	26.0	1.0	0.0	0.0	0.0	1.0	0.0	0.0	0.0	1.0
60.0	0.0	27.0	1.0	0.0	0.0	0.0	1.0	0.0	0.0	0.0	1.0
60.0	0.0	28.0	1.0	0.0	0.0	0.0	1.0	0.0	0.0	0.0	1.0
60.0	0.0	29.0	1.0	0.0	0.0	0.0	1.0	0.0	0.0	0.0	1.0
60.0	0.0	30.0	1.0	0.0	0.0	0.0	1.0	0.0	0.0	0.0	1.0
60.0	0.0	31.0	1.0	0.0	0.0	0.0	1.0	0.0	0.0	0.0	1.0
60.0	0.0	32.0	1.0	0.0	0.0	0.0	1.0	0.0	0.0	0.0	1.0
60.0	0.0	33.0	1.0	0.0	0.0	0.0	1.0	0.0	0.0	0.0	1.0
60.0	0.0	34.0	1.0	0.0	0.0	0.0	1.0	0.0	0.0	0.0	1.0
60.0	0.0	35.0	1.0	0.0	0.0	0.0	1.0	0.0	0.0	0.0	1.0
60.0	0.0	36.0	1.0	0.0	0.0	0.0	1.0	0.0	0.0	0.0	1.0
60.0	0.0	37.0	1.0	0.0	0.0	0.0	1.0	0.0	0.0	0.0	1.0
60.0	0.0	38.0	1.0	0.0	0.0	0.0	1.0	0.0	0.0	0.0	1.0
60.0	0.0	39.0	1.0	0.0	0.0	0.0	1.0	0.0	0.0	0.0	1.0
60.0	0.0	40.0	1.0	0.0	0.0	0.0	1.0	0.0	0.0	0.0	1.0
60.0	0.0	41.0	1.0	0.0	0.0	0.0	1.0	0.0	0.0	0.0	1.0
60.0	0.0	42.0	1.0	0.0	0.0	0.0	1.0	0.0	0.0	0.0	1.0
60.0	0.0	43.0	1.0	0.0	0.0	0.0	1.0	0.0	0.0	0.0	1.0
60.0	0.0	44.0	1.0	0.0	0.0	0.0	1.0	0.0	0.0	0.0	1.0
60.0	0.0	45.0	1.0	0.0	0.0	0.0	1.0	0.0	0.0	0.0	1.0
60.0	0.0	46.0	1.0	0.0	0.0	0.0	1.0	0.0	0.0	0.0	1.0
60.0	0.0	47.0	1.0	0.0	0.0	0.0	1.0	0.0	0.0	0.0	1.0
60.0	0.0	48.0	1.0	0.0	0.0	0.0	1.0	0.0	0.0	0.0	1.0
60.0	0.0	49.0	1.0	0.0	0.0	0.0	1.0	0.0	0.0	0.0	1.0
60.0	0.0	50.0	1.0	0.0	0.0	0.0	1.0	0.0	0.0	0.0	1.0
60.0	0.0	51.0	1.0	0.0	0.0	0.0	1.0	0.0	0.0	0.0	1.0
60.0	0.0	52.0	1.0	0.0	0.0	0.0	1.0	0.0	0.0	0.0	1.0
60.0	0.0	53.0	1.0	0.0	0.0	0.0	1.0	0.0	0.0	0.0	1.0
60.0	0.0	54.0	1.0	0.0	0.0	0.0	1.0	0.0	0.0	0.0	1.0
60.0	0.0	55.0	1.0	0.0	0.0	0.0	1.0	0.0	0.0	0.0	1.0
60.0	0.0	56.0	1.0	0.0	0.0	0.0	1.0	0.0	0.0	0.0	1.0
60.0	0.0	57.0	1.0	0.0	0.0	0.0	1.0	0.0	0.0	0.0	1.0
60.0	0.0	58.0	1.0	0.0	0.0	0.0	1.0	0.0	0.0	0.0	1.0
60.0	0.0	59.0	1.0	0.0	0.0	0.0	1.0	0.0	0.0	0.0	1.0
60.0	0.0	60.0	1.0	0.0	0.0	0.0	1.0	0.0	0.0	0.0	1.0
!!
!!
!!
1	2	1
2	3	1
3	4	1
4	5	1
5	6	1
6	7	1
7	8	1
8	9	1
9	10	1
10	11	1
11	12	1
12	13	1
13	14	1
14	15	1
15	16	1
16	17	1
17	18	1
18	19	1
19	20	1
20	21	1
21	22	1
22	23	1
23	24	1
24	25	1
25	26	1
26	27	1
27	28	1
28	29	1
29	30	1
30	31	1
31	32	1
32	33	1
33	34	1
34	35	1
35	36	1
36	37	1
37	38	1
38	39	1
39	40	1
40	41	1
41	42	1
42	43	1
43	44	1
44	45	1
45	46	1
46	47	1
47	48	1
48	49	1
49	50	1
50	51	1
51	52	1
52	53	1
53	54	1
54	55	1
55	56	1
56	57	1
57	58	1
58	59	1
59	60	1
60	61	1
!! 
!! 
!!cross-section property #1: row 1: EA, GA1, GA2, EI1, EI2, GIP, ES1, ES2, GS1, GS2, ES12; row 2: rhoA, rhoI1, rhoI2, rhoS1, rhoS2, rhoS12; row 3: alpha_s alpha_v
25200000.000000	9695000.000000	9695000.000000	16275000.000000	12900000.000000	875850.000000	  0.000000	  0.000000	  0.000000	  0.000000	  0.000000
  3.500000	  2.260400	  1.791700	  0.000000	  0.000000	  0.000000
  0.000000	  0.000000
