!!
!!
!!number of beams (1), number of cross-section properties (2), flag for property input type (3):
1	1	0
!!
!!
!! beam : number of nodes (1), number of elements (2):
51	50
!!
!!
!! beam : nodal phi (1, 2, 3), nodal d1 (4, 5, 6), nodal d2 (7, 8, 9), nodal d3 (10, 11, 12):
   0.000000000000000d0	   0.500000000000000d0	   0.000000000000000d0	   0.000000000000000d0	   1.000000000000000d0	   0.000000000000000d0	   0.000000000000000d0	   0.000000000000000d0	   1.000000000000000d0	   1.000000000000000d0	   0.000000000000000d0	   0.000000000000000d0	
   0.200000000000000d0	   0.500000000000000d0	   0.000000000000000d0	   0.000000000000000d0	   1.000000000000000d0	   0.000000000000000d0	   0.000000000000000d0	   0.000000000000000d0	   1.000000000000000d0	   1.000000000000000d0	   0.000000000000000d0	   0.000000000000000d0	
   0.400000000000000d0	   0.500000000000000d0	   0.000000000000000d0	   0.000000000000000d0	   1.000000000000000d0	   0.000000000000000d0	   0.000000000000000d0	   0.000000000000000d0	   1.000000000000000d0	   1.000000000000000d0	   0.000000000000000d0	   0.000000000000000d0	
   0.600000000000000d0	   0.500000000000000d0	   0.000000000000000d0	   0.000000000000000d0	   1.000000000000000d0	   0.000000000000000d0	   0.000000000000000d0	   0.000000000000000d0	   1.000000000000000d0	   1.000000000000000d0	   0.000000000000000d0	   0.000000000000000d0	
   0.800000000000000d0	   0.500000000000000d0	   0.000000000000000d0	   0.000000000000000d0	   1.000000000000000d0	   0.000000000000000d0	   0.000000000000000d0	   0.000000000000000d0	   1.000000000000000d0	   1.000000000000000d0	   0.000000000000000d0	   0.000000000000000d0	
   1.000000000000000d0	   0.500000000000000d0	   0.000000000000000d0	   0.000000000000000d0	   1.000000000000000d0	   0.000000000000000d0	   0.000000000000000d0	   0.000000000000000d0	   1.000000000000000d0	   1.000000000000000d0	   0.000000000000000d0	   0.000000000000000d0	
   1.200000000000000d0	   0.500000000000000d0	   0.000000000000000d0	   0.000000000000000d0	   1.000000000000000d0	   0.000000000000000d0	   0.000000000000000d0	   0.000000000000000d0	   1.000000000000000d0	   1.000000000000000d0	   0.000000000000000d0	   0.000000000000000d0	
   1.400000000000000d0	   0.500000000000000d0	   0.000000000000000d0	   0.000000000000000d0	   1.000000000000000d0	   0.000000000000000d0	   0.000000000000000d0	   0.000000000000000d0	   1.000000000000000d0	   1.000000000000000d0	   0.000000000000000d0	   0.000000000000000d0	
   1.600000000000000d0	   0.500000000000000d0	   0.000000000000000d0	   0.000000000000000d0	   1.000000000000000d0	   0.000000000000000d0	   0.000000000000000d0	   0.000000000000000d0	   1.000000000000000d0	   1.000000000000000d0	   0.000000000000000d0	   0.000000000000000d0	
   1.800000000000000d0	   0.500000000000000d0	   0.000000000000000d0	   0.000000000000000d0	   1.000000000000000d0	   0.000000000000000d0	   0.000000000000000d0	   0.000000000000000d0	   1.000000000000000d0	   1.000000000000000d0	   0.000000000000000d0	   0.000000000000000d0	
   2.000000000000000d0	   0.500000000000000d0	   0.000000000000000d0	   0.000000000000000d0	   1.000000000000000d0	   0.000000000000000d0	   0.000000000000000d0	   0.000000000000000d0	   1.000000000000000d0	   1.000000000000000d0	   0.000000000000000d0	   0.000000000000000d0	
   2.200000000000000d0	   0.500000000000000d0	   0.000000000000000d0	   0.000000000000000d0	   1.000000000000000d0	   0.000000000000000d0	   0.000000000000000d0	   0.000000000000000d0	   1.000000000000000d0	   1.000000000000000d0	   0.000000000000000d0	   0.000000000000000d0	
   2.400000000000000d0	   0.500000000000000d0	   0.000000000000000d0	   0.000000000000000d0	   1.000000000000000d0	   0.000000000000000d0	   0.000000000000000d0	   0.000000000000000d0	   1.000000000000000d0	   1.000000000000000d0	   0.000000000000000d0	   0.000000000000000d0	
   2.600000000000000d0	   0.500000000000000d0	   0.000000000000000d0	   0.000000000000000d0	   1.000000000000000d0	   0.000000000000000d0	   0.000000000000000d0	   0.000000000000000d0	   1.000000000000000d0	   1.000000000000000d0	   0.000000000000000d0	   0.000000000000000d0	
   2.800000000000000d0	   0.500000000000000d0	   0.000000000000000d0	   0.000000000000000d0	   1.000000000000000d0	   0.000000000000000d0	   0.000000000000000d0	   0.000000000000000d0	   1.000000000000000d0	   1.000000000000000d0	   0.000000000000000d0	   0.000000000000000d0	
   3.000000000000000d0	   0.500000000000000d0	   0.000000000000000d0	   0.000000000000000d0	   1.000000000000000d0	   0.000000000000000d0	   0.000000000000000d0	   0.000000000000000d0	   1.000000000000000d0	   1.000000000000000d0	   0.000000000000000d0	   0.000000000000000d0	
   3.200000000000000d0	   0.500000000000000d0	   0.000000000000000d0	   0.000000000000000d0	   1.000000000000000d0	   0.000000000000000d0	   0.000000000000000d0	   0.000000000000000d0	   1.000000000000000d0	   1.000000000000000d0	   0.000000000000000d0	   0.000000000000000d0	
   3.400000000000000d0	   0.500000000000000d0	   0.000000000000000d0	   0.000000000000000d0	   1.000000000000000d0	   0.000000000000000d0	   0.000000000000000d0	   0.000000000000000d0	   1.000000000000000d0	   1.000000000000000d0	   0.000000000000000d0	   0.000000000000000d0	
   3.600000000000000d0	   0.500000000000000d0	   0.000000000000000d0	   0.000000000000000d0	   1.000000000000000d0	   0.000000000000000d0	   0.000000000000000d0	   0.000000000000000d0	   1.000000000000000d0	   1.000000000000000d0	   0.000000000000000d0	   0.000000000000000d0	
   3.800000000000000d0	   0.500000000000000d0	   0.000000000000000d0	   0.000000000000000d0	   1.000000000000000d0	   0.000000000000000d0	   0.000000000000000d0	   0.000000000000000d0	   1.000000000000000d0	   1.000000000000000d0	   0.000000000000000d0	   0.000000000000000d0	
   4.000000000000000d0	   0.500000000000000d0	   0.000000000000000d0	   0.000000000000000d0	   1.000000000000000d0	   0.000000000000000d0	   0.000000000000000d0	   0.000000000000000d0	   1.000000000000000d0	   1.000000000000000d0	   0.000000000000000d0	   0.000000000000000d0	
   4.200000000000000d0	   0.500000000000000d0	   0.000000000000000d0	   0.000000000000000d0	   1.000000000000000d0	   0.000000000000000d0	   0.000000000000000d0	   0.000000000000000d0	   1.000000000000000d0	   1.000000000000000d0	   0.000000000000000d0	   0.000000000000000d0	
   4.400000000000000d0	   0.500000000000000d0	   0.000000000000000d0	   0.000000000000000d0	   1.000000000000000d0	   0.000000000000000d0	   0.000000000000000d0	   0.000000000000000d0	   1.000000000000000d0	   1.000000000000000d0	   0.000000000000000d0	   0.000000000000000d0	
   4.600000000000001d0	   0.500000000000000d0	   0.000000000000000d0	   0.000000000000000d0	   1.000000000000000d0	   0.000000000000000d0	   0.000000000000000d0	   0.000000000000000d0	   1.000000000000000d0	   1.000000000000000d0	   0.000000000000000d0	   0.000000000000000d0	
   4.800000000000001d0	   0.500000000000000d0	   0.000000000000000d0	   0.000000000000000d0	   1.000000000000000d0	   0.000000000000000d0	   0.000000000000000d0	   0.000000000000000d0	   1.000000000000000d0	   1.000000000000000d0	   0.000000000000000d0	   0.000000000000000d0	
   5.000000000000000d0	   0.500000000000000d0	   0.000000000000000d0	   0.000000000000000d0	   1.000000000000000d0	   0.000000000000000d0	   0.000000000000000d0	   0.000000000000000d0	   1.000000000000000d0	   1.000000000000000d0	   0.000000000000000d0	   0.000000000000000d0	
   5.200000000000000d0	   0.500000000000000d0	   0.000000000000000d0	   0.000000000000000d0	   1.000000000000000d0	   0.000000000000000d0	   0.000000000000000d0	   0.000000000000000d0	   1.000000000000000d0	   1.000000000000000d0	   0.000000000000000d0	   0.000000000000000d0	
   5.400000000000000d0	   0.500000000000000d0	   0.000000000000000d0	   0.000000000000000d0	   1.000000000000000d0	   0.000000000000000d0	   0.000000000000000d0	   0.000000000000000d0	   1.000000000000000d0	   1.000000000000000d0	   0.000000000000000d0	   0.000000000000000d0	
   5.600000000000001d0	   0.500000000000000d0	   0.000000000000000d0	   0.000000000000000d0	   1.000000000000000d0	   0.000000000000000d0	   0.000000000000000d0	   0.000000000000000d0	   1.000000000000000d0	   1.000000000000000d0	   0.000000000000000d0	   0.000000000000000d0	
   5.800000000000001d0	   0.500000000000000d0	   0.000000000000000d0	   0.000000000000000d0	   1.000000000000000d0	   0.000000000000000d0	   0.000000000000000d0	   0.000000000000000d0	   1.000000000000000d0	   1.000000000000000d0	   0.000000000000000d0	   0.000000000000000d0	
   6.000000000000000d0	   0.500000000000000d0	   0.000000000000000d0	   0.000000000000000d0	   1.000000000000000d0	   0.000000000000000d0	   0.000000000000000d0	   0.000000000000000d0	   1.000000000000000d0	   1.000000000000000d0	   0.000000000000000d0	   0.000000000000000d0	
   6.200000000000000d0	   0.500000000000000d0	   0.000000000000000d0	   0.000000000000000d0	   1.000000000000000d0	   0.000000000000000d0	   0.000000000000000d0	   0.000000000000000d0	   1.000000000000000d0	   1.000000000000000d0	   0.000000000000000d0	   0.000000000000000d0	
   6.400000000000000d0	   0.500000000000000d0	   0.000000000000000d0	   0.000000000000000d0	   1.000000000000000d0	   0.000000000000000d0	   0.000000000000000d0	   0.000000000000000d0	   1.000000000000000d0	   1.000000000000000d0	   0.000000000000000d0	   0.000000000000000d0	
   6.600000000000001d0	   0.500000000000000d0	   0.000000000000000d0	   0.000000000000000d0	   1.000000000000000d0	   0.000000000000000d0	   0.000000000000000d0	   0.000000000000000d0	   1.000000000000000d0	   1.000000000000000d0	   0.000000000000000d0	   0.000000000000000d0	
   6.800000000000001d0	   0.500000000000000d0	   0.000000000000000d0	   0.000000000000000d0	   1.000000000000000d0	   0.000000000000000d0	   0.000000000000000d0	   0.000000000000000d0	   1.000000000000000d0	   1.000000000000000d0	   0.000000000000000d0	   0.000000000000000d0	
   7.000000000000000d0	   0.500000000000000d0	   0.000000000000000d0	   0.000000000000000d0	   1.000000000000000d0	   0.000000000000000d0	   0.000000000000000d0	   0.000000000000000d0	   1.000000000000000d0	   1.000000000000000d0	   0.000000000000000d0	   0.000000000000000d0	
   7.200000000000000d0	   0.500000000000000d0	   0.000000000000000d0	   0.000000000000000d0	   1.000000000000000d0	   0.000000000000000d0	   0.000000000000000d0	   0.000000000000000d0	   1.000000000000000d0	   1.000000000000000d0	   0.000000000000000d0	   0.000000000000000d0	
   7.400000000000000d0	   0.500000000000000d0	   0.000000000000000d0	   0.000000000000000d0	   1.000000000000000d0	   0.000000000000000d0	   0.000000000000000d0	   0.000000000000000d0	   1.000000000000000d0	   1.000000000000000d0	   0.000000000000000d0	   0.000000000000000d0	
   7.600000000000001d0	   0.500000000000000d0	   0.000000000000000d0	   0.000000000000000d0	   1.000000000000000d0	   0.000000000000000d0	   0.000000000000000d0	   0.000000000000000d0	   1.000000000000000d0	   1.000000000000000d0	   0.000000000000000d0	   0.000000000000000d0	
   7.800000000000001d0	   0.500000000000000d0	   0.000000000000000d0	   0.000000000000000d0	   1.000000000000000d0	   0.000000000000000d0	   0.000000000000000d0	   0.000000000000000d0	   1.000000000000000d0	   1.000000000000000d0	   0.000000000000000d0	   0.000000000000000d0	
   8.000000000000000d0	   0.500000000000000d0	   0.000000000000000d0	   0.000000000000000d0	   1.000000000000000d0	   0.000000000000000d0	   0.000000000000000d0	   0.000000000000000d0	   1.000000000000000d0	   1.000000000000000d0	   0.000000000000000d0	   0.000000000000000d0	
   8.200000000000001d0	   0.500000000000000d0	   0.000000000000000d0	   0.000000000000000d0	   1.000000000000000d0	   0.000000000000000d0	   0.000000000000000d0	   0.000000000000000d0	   1.000000000000000d0	   1.000000000000000d0	   0.000000000000000d0	   0.000000000000000d0	
   8.400000000000000d0	   0.500000000000000d0	   0.000000000000000d0	   0.000000000000000d0	   1.000000000000000d0	   0.000000000000000d0	   0.000000000000000d0	   0.000000000000000d0	   1.000000000000000d0	   1.000000000000000d0	   0.000000000000000d0	   0.000000000000000d0	
   8.600000000000000d0	   0.500000000000000d0	   0.000000000000000d0	   0.000000000000000d0	   1.000000000000000d0	   0.000000000000000d0	   0.000000000000000d0	   0.000000000000000d0	   1.000000000000000d0	   1.000000000000000d0	   0.000000000000000d0	   0.000000000000000d0	
   8.800000000000001d0	   0.500000000000000d0	   0.000000000000000d0	   0.000000000000000d0	   1.000000000000000d0	   0.000000000000000d0	   0.000000000000000d0	   0.000000000000000d0	   1.000000000000000d0	   1.000000000000000d0	   0.000000000000000d0	   0.000000000000000d0	
   9.000000000000000d0	   0.500000000000000d0	   0.000000000000000d0	   0.000000000000000d0	   1.000000000000000d0	   0.000000000000000d0	   0.000000000000000d0	   0.000000000000000d0	   1.000000000000000d0	   1.000000000000000d0	   0.000000000000000d0	   0.000000000000000d0	
   9.200000000000001d0	   0.500000000000000d0	   0.000000000000000d0	   0.000000000000000d0	   1.000000000000000d0	   0.000000000000000d0	   0.000000000000000d0	   0.000000000000000d0	   1.000000000000000d0	   1.000000000000000d0	   0.000000000000000d0	   0.000000000000000d0	
   9.400000000000000d0	   0.500000000000000d0	   0.000000000000000d0	   0.000000000000000d0	   1.000000000000000d0	   0.000000000000000d0	   0.000000000000000d0	   0.000000000000000d0	   1.000000000000000d0	   1.000000000000000d0	   0.000000000000000d0	   0.000000000000000d0	
   9.600000000000001d0	   0.500000000000000d0	   0.000000000000000d0	   0.000000000000000d0	   1.000000000000000d0	   0.000000000000000d0	   0.000000000000000d0	   0.000000000000000d0	   1.000000000000000d0	   1.000000000000000d0	   0.000000000000000d0	   0.000000000000000d0	
   9.800000000000001d0	   0.500000000000000d0	   0.000000000000000d0	   0.000000000000000d0	   1.000000000000000d0	   0.000000000000000d0	   0.000000000000000d0	   0.000000000000000d0	   1.000000000000000d0	   1.000000000000000d0	   0.000000000000000d0	   0.000000000000000d0	
  10.000000000000000d0	   0.500000000000000d0	   0.000000000000000d0	   0.000000000000000d0	   1.000000000000000d0	   0.000000000000000d0	   0.000000000000000d0	   0.000000000000000d0	   1.000000000000000d0	   1.000000000000000d0	   0.000000000000000d0	   0.000000000000000d0	
!!
!!
!! beam : connectivities (1, 2), cross-section property (3):
1	2	1
2	3	1
3	4	1
4	5	1
5	6	1
6	7	1
7	8	1
8	9	1
9	10	1
10	11	1
11	12	1
12	13	1
13	14	1
14	15	1
15	16	1
16	17	1
17	18	1
18	19	1
19	20	1
20	21	1
21	22	1
22	23	1
23	24	1
24	25	1
25	26	1
26	27	1
27	28	1
28	29	1
29	30	1
30	31	1
31	32	1
32	33	1
33	34	1
34	35	1
35	36	1
36	37	1
37	38	1
38	39	1
39	40	1
40	41	1
41	42	1
42	43	1
43	44	1
44	45	1
45	46	1
46	47	1
47	48	1
48	49	1
49	50	1
50	51	1
!! cross-section property 1 ():
!! row1: EA(1), GA1(2), GA2(3), EI1(4), EI2(5), GI3(6), ES1(7), ES2(8), GS1(9), GS2(10), EI12(11)
!! row2: rhoA3(1), rhoI1(2), rhoI2(3), rhoS1(4), rhoS2(5), rhoI12(6)
5.60000d+08	2.10526d+08	2.10526d+08	2.98667d+03	4.66667d+07	1.75450d+07	0.00000d+00	0.00000d+00	0.00000d+00	0.00000d+00	0.00000d+00	
2.16000d-02	1.15200d-04	1.80000d+00	0.00000d+00	0.00000d+00	0.00000d+00	
0.00000d+00	0.00000d+00	
