!! Problem taken from J.C. Simo, N. Tarnov, „A new energy and momentum conserving algorithm for the nonlinear dynamics of shells”, International Journal for Numerical Methods in Engineering 37 (1994).
!!
!!number of shells (1), number of material properties (2), number of material sequences (3).
 1 1 1
!!
!!
!!1st shell: number of nodes (1), number of elements (2).	
 155 120
!!
!!
!!1st shell: nodal phi (1, 2, 3), nodal dir (4, 5, 6).
    0.00000000000000e+000    0.00000000000000e+000    0.00000000000000e+000    0.00000000000000e+000    0.00000000000000e+000    1.00000000000000e+000
    10.0000000000000e-003    0.00000000000000e+000    0.00000000000000e+000    0.00000000000000e+000    0.00000000000000e+000    1.00000000000000e+000
    20.0000000000000e-003    0.00000000000000e+000    0.00000000000000e+000    0.00000000000000e+000    0.00000000000000e+000    1.00000000000000e+000
    30.0000000000000e-003    0.00000000000000e+000    0.00000000000000e+000    0.00000000000000e+000    0.00000000000000e+000    1.00000000000000e+000
    40.0000000000000e-003    0.00000000000000e+000    0.00000000000000e+000    0.00000000000000e+000    0.00000000000000e+000    1.00000000000000e+000
    50.0000000000000e-003    0.00000000000000e+000    0.00000000000000e+000    0.00000000000000e+000    0.00000000000000e+000    1.00000000000000e+000
    60.0000000000000e-003    0.00000000000000e+000    0.00000000000000e+000    0.00000000000000e+000    0.00000000000000e+000    1.00000000000000e+000
    70.0000000000000e-003    0.00000000000000e+000    0.00000000000000e+000    0.00000000000000e+000    0.00000000000000e+000    1.00000000000000e+000
    80.0000000000000e-003    0.00000000000000e+000    0.00000000000000e+000    0.00000000000000e+000    0.00000000000000e+000    1.00000000000000e+000
    90.0000000000000e-003    0.00000000000000e+000    0.00000000000000e+000    0.00000000000000e+000    0.00000000000000e+000    1.00000000000000e+000
    100.000000000000e-003    0.00000000000000e+000    0.00000000000000e+000    0.00000000000000e+000    0.00000000000000e+000    1.00000000000000e+000
    110.000000000000e-003    0.00000000000000e+000    0.00000000000000e+000    0.00000000000000e+000    0.00000000000000e+000    1.00000000000000e+000
    120.000000000000e-003    0.00000000000000e+000    0.00000000000000e+000    0.00000000000000e+000    0.00000000000000e+000    1.00000000000000e+000
    130.000000000000e-003    0.00000000000000e+000    0.00000000000000e+000    0.00000000000000e+000    0.00000000000000e+000    1.00000000000000e+000
    140.000000000000e-003    0.00000000000000e+000    0.00000000000000e+000    0.00000000000000e+000    0.00000000000000e+000    1.00000000000000e+000
    150.000000000000e-003    0.00000000000000e+000    0.00000000000000e+000    0.00000000000000e+000    0.00000000000000e+000    1.00000000000000e+000
    160.000000000000e-003    0.00000000000000e+000    0.00000000000000e+000    0.00000000000000e+000    0.00000000000000e+000    1.00000000000000e+000
    170.000000000000e-003    0.00000000000000e+000    0.00000000000000e+000    0.00000000000000e+000    0.00000000000000e+000    1.00000000000000e+000
    180.000000000000e-003    0.00000000000000e+000    0.00000000000000e+000    0.00000000000000e+000    0.00000000000000e+000    1.00000000000000e+000
    190.000000000000e-003    0.00000000000000e+000    0.00000000000000e+000    0.00000000000000e+000    0.00000000000000e+000    1.00000000000000e+000
    200.000000000000e-003    0.00000000000000e+000    0.00000000000000e+000    0.00000000000000e+000    0.00000000000000e+000    1.00000000000000e+000
    210.000000000000e-003    0.00000000000000e+000    0.00000000000000e+000    0.00000000000000e+000    0.00000000000000e+000    1.00000000000000e+000
    220.000000000000e-003    0.00000000000000e+000    0.00000000000000e+000    0.00000000000000e+000    0.00000000000000e+000    1.00000000000000e+000
    230.000000000000e-003    0.00000000000000e+000    0.00000000000000e+000    0.00000000000000e+000    0.00000000000000e+000    1.00000000000000e+000
    240.000000000000e-003    0.00000000000000e+000    0.00000000000000e+000    0.00000000000000e+000    0.00000000000000e+000    1.00000000000000e+000
    250.000000000000e-003    0.00000000000000e+000    0.00000000000000e+000    0.00000000000000e+000    0.00000000000000e+000    1.00000000000000e+000
    260.000000000000e-003    0.00000000000000e+000    0.00000000000000e+000    0.00000000000000e+000    0.00000000000000e+000    1.00000000000000e+000
    270.000000000000e-003    0.00000000000000e+000    0.00000000000000e+000    0.00000000000000e+000    0.00000000000000e+000    1.00000000000000e+000
    280.000000000000e-003    0.00000000000000e+000    0.00000000000000e+000    0.00000000000000e+000    0.00000000000000e+000    1.00000000000000e+000
    290.000000000000e-003    0.00000000000000e+000    0.00000000000000e+000    0.00000000000000e+000    0.00000000000000e+000    1.00000000000000e+000
    300.000000000000e-003    0.00000000000000e+000    0.00000000000000e+000    0.00000000000000e+000    0.00000000000000e+000    1.00000000000000e+000
    0.00000000000000e+000    15.0000000000000e-003    0.00000000000000e+000    0.00000000000000e+000    0.00000000000000e+000    1.00000000000000e+000
    10.0000000000000e-003    15.0000000000000e-003    0.00000000000000e+000    0.00000000000000e+000    0.00000000000000e+000    1.00000000000000e+000
    20.0000000000000e-003    15.0000000000000e-003    0.00000000000000e+000    0.00000000000000e+000    0.00000000000000e+000    1.00000000000000e+000
    30.0000000000000e-003    15.0000000000000e-003    0.00000000000000e+000    0.00000000000000e+000    0.00000000000000e+000    1.00000000000000e+000
    40.0000000000000e-003    15.0000000000000e-003    0.00000000000000e+000    0.00000000000000e+000    0.00000000000000e+000    1.00000000000000e+000
    50.0000000000000e-003    15.0000000000000e-003    0.00000000000000e+000    0.00000000000000e+000    0.00000000000000e+000    1.00000000000000e+000
    60.0000000000000e-003    15.0000000000000e-003    0.00000000000000e+000    0.00000000000000e+000    0.00000000000000e+000    1.00000000000000e+000
    70.0000000000000e-003    15.0000000000000e-003    0.00000000000000e+000    0.00000000000000e+000    0.00000000000000e+000    1.00000000000000e+000
    80.0000000000000e-003    15.0000000000000e-003    0.00000000000000e+000    0.00000000000000e+000    0.00000000000000e+000    1.00000000000000e+000
    90.0000000000000e-003    15.0000000000000e-003    0.00000000000000e+000    0.00000000000000e+000    0.00000000000000e+000    1.00000000000000e+000
    100.000000000000e-003    15.0000000000000e-003    0.00000000000000e+000    0.00000000000000e+000    0.00000000000000e+000    1.00000000000000e+000
    110.000000000000e-003    15.0000000000000e-003    0.00000000000000e+000    0.00000000000000e+000    0.00000000000000e+000    1.00000000000000e+000
    120.000000000000e-003    15.0000000000000e-003    0.00000000000000e+000    0.00000000000000e+000    0.00000000000000e+000    1.00000000000000e+000
    130.000000000000e-003    15.0000000000000e-003    0.00000000000000e+000    0.00000000000000e+000    0.00000000000000e+000    1.00000000000000e+000
    140.000000000000e-003    15.0000000000000e-003    0.00000000000000e+000    0.00000000000000e+000    0.00000000000000e+000    1.00000000000000e+000
    150.000000000000e-003    15.0000000000000e-003    0.00000000000000e+000    0.00000000000000e+000    0.00000000000000e+000    1.00000000000000e+000
    160.000000000000e-003    15.0000000000000e-003    0.00000000000000e+000    0.00000000000000e+000    0.00000000000000e+000    1.00000000000000e+000
    170.000000000000e-003    15.0000000000000e-003    0.00000000000000e+000    0.00000000000000e+000    0.00000000000000e+000    1.00000000000000e+000
    180.000000000000e-003    15.0000000000000e-003    0.00000000000000e+000    0.00000000000000e+000    0.00000000000000e+000    1.00000000000000e+000
    190.000000000000e-003    15.0000000000000e-003    0.00000000000000e+000    0.00000000000000e+000    0.00000000000000e+000    1.00000000000000e+000
    200.000000000000e-003    15.0000000000000e-003    0.00000000000000e+000    0.00000000000000e+000    0.00000000000000e+000    1.00000000000000e+000
    210.000000000000e-003    15.0000000000000e-003    0.00000000000000e+000    0.00000000000000e+000    0.00000000000000e+000    1.00000000000000e+000
    220.000000000000e-003    15.0000000000000e-003    0.00000000000000e+000    0.00000000000000e+000    0.00000000000000e+000    1.00000000000000e+000
    230.000000000000e-003    15.0000000000000e-003    0.00000000000000e+000    0.00000000000000e+000    0.00000000000000e+000    1.00000000000000e+000
    240.000000000000e-003    15.0000000000000e-003    0.00000000000000e+000    0.00000000000000e+000    0.00000000000000e+000    1.00000000000000e+000
    250.000000000000e-003    15.0000000000000e-003    0.00000000000000e+000    0.00000000000000e+000    0.00000000000000e+000    1.00000000000000e+000
    260.000000000000e-003    15.0000000000000e-003    0.00000000000000e+000    0.00000000000000e+000    0.00000000000000e+000    1.00000000000000e+000
    270.000000000000e-003    15.0000000000000e-003    0.00000000000000e+000    0.00000000000000e+000    0.00000000000000e+000    1.00000000000000e+000
    280.000000000000e-003    15.0000000000000e-003    0.00000000000000e+000    0.00000000000000e+000    0.00000000000000e+000    1.00000000000000e+000
    290.000000000000e-003    15.0000000000000e-003    0.00000000000000e+000    0.00000000000000e+000    0.00000000000000e+000    1.00000000000000e+000
    300.000000000000e-003    15.0000000000000e-003    0.00000000000000e+000    0.00000000000000e+000    0.00000000000000e+000    1.00000000000000e+000
    0.00000000000000e+000    30.0000000000000e-003    0.00000000000000e+000    0.00000000000000e+000    0.00000000000000e+000    1.00000000000000e+000
    10.0000000000000e-003    30.0000000000000e-003    0.00000000000000e+000    0.00000000000000e+000    0.00000000000000e+000    1.00000000000000e+000
    20.0000000000000e-003    30.0000000000000e-003    0.00000000000000e+000    0.00000000000000e+000    0.00000000000000e+000    1.00000000000000e+000
    30.0000000000000e-003    30.0000000000000e-003    0.00000000000000e+000    0.00000000000000e+000    0.00000000000000e+000    1.00000000000000e+000
    40.0000000000000e-003    30.0000000000000e-003    0.00000000000000e+000    0.00000000000000e+000    0.00000000000000e+000    1.00000000000000e+000
    50.0000000000000e-003    30.0000000000000e-003    0.00000000000000e+000    0.00000000000000e+000    0.00000000000000e+000    1.00000000000000e+000
    60.0000000000000e-003    30.0000000000000e-003    0.00000000000000e+000    0.00000000000000e+000    0.00000000000000e+000    1.00000000000000e+000
    70.0000000000000e-003    30.0000000000000e-003    0.00000000000000e+000    0.00000000000000e+000    0.00000000000000e+000    1.00000000000000e+000
    80.0000000000000e-003    30.0000000000000e-003    0.00000000000000e+000    0.00000000000000e+000    0.00000000000000e+000    1.00000000000000e+000
    90.0000000000000e-003    30.0000000000000e-003    0.00000000000000e+000    0.00000000000000e+000    0.00000000000000e+000    1.00000000000000e+000
    100.000000000000e-003    30.0000000000000e-003    0.00000000000000e+000    0.00000000000000e+000    0.00000000000000e+000    1.00000000000000e+000
    110.000000000000e-003    30.0000000000000e-003    0.00000000000000e+000    0.00000000000000e+000    0.00000000000000e+000    1.00000000000000e+000
    120.000000000000e-003    30.0000000000000e-003    0.00000000000000e+000    0.00000000000000e+000    0.00000000000000e+000    1.00000000000000e+000
    130.000000000000e-003    30.0000000000000e-003    0.00000000000000e+000    0.00000000000000e+000    0.00000000000000e+000    1.00000000000000e+000
    140.000000000000e-003    30.0000000000000e-003    0.00000000000000e+000    0.00000000000000e+000    0.00000000000000e+000    1.00000000000000e+000
    150.000000000000e-003    30.0000000000000e-003    0.00000000000000e+000    0.00000000000000e+000    0.00000000000000e+000    1.00000000000000e+000
    160.000000000000e-003    30.0000000000000e-003    0.00000000000000e+000    0.00000000000000e+000    0.00000000000000e+000    1.00000000000000e+000
    170.000000000000e-003    30.0000000000000e-003    0.00000000000000e+000    0.00000000000000e+000    0.00000000000000e+000    1.00000000000000e+000
    180.000000000000e-003    30.0000000000000e-003    0.00000000000000e+000    0.00000000000000e+000    0.00000000000000e+000    1.00000000000000e+000
    190.000000000000e-003    30.0000000000000e-003    0.00000000000000e+000    0.00000000000000e+000    0.00000000000000e+000    1.00000000000000e+000
    200.000000000000e-003    30.0000000000000e-003    0.00000000000000e+000    0.00000000000000e+000    0.00000000000000e+000    1.00000000000000e+000
    210.000000000000e-003    30.0000000000000e-003    0.00000000000000e+000    0.00000000000000e+000    0.00000000000000e+000    1.00000000000000e+000
    220.000000000000e-003    30.0000000000000e-003    0.00000000000000e+000    0.00000000000000e+000    0.00000000000000e+000    1.00000000000000e+000
    230.000000000000e-003    30.0000000000000e-003    0.00000000000000e+000    0.00000000000000e+000    0.00000000000000e+000    1.00000000000000e+000
    240.000000000000e-003    30.0000000000000e-003    0.00000000000000e+000    0.00000000000000e+000    0.00000000000000e+000    1.00000000000000e+000
    250.000000000000e-003    30.0000000000000e-003    0.00000000000000e+000    0.00000000000000e+000    0.00000000000000e+000    1.00000000000000e+000
    260.000000000000e-003    30.0000000000000e-003    0.00000000000000e+000    0.00000000000000e+000    0.00000000000000e+000    1.00000000000000e+000
    270.000000000000e-003    30.0000000000000e-003    0.00000000000000e+000    0.00000000000000e+000    0.00000000000000e+000    1.00000000000000e+000
    280.000000000000e-003    30.0000000000000e-003    0.00000000000000e+000    0.00000000000000e+000    0.00000000000000e+000    1.00000000000000e+000
    290.000000000000e-003    30.0000000000000e-003    0.00000000000000e+000    0.00000000000000e+000    0.00000000000000e+000    1.00000000000000e+000
    300.000000000000e-003    30.0000000000000e-003    0.00000000000000e+000    0.00000000000000e+000    0.00000000000000e+000    1.00000000000000e+000
    0.00000000000000e+000    45.0000000000000e-003    0.00000000000000e+000    0.00000000000000e+000    0.00000000000000e+000    1.00000000000000e+000
    10.0000000000000e-003    45.0000000000000e-003    0.00000000000000e+000    0.00000000000000e+000    0.00000000000000e+000    1.00000000000000e+000
    20.0000000000000e-003    45.0000000000000e-003    0.00000000000000e+000    0.00000000000000e+000    0.00000000000000e+000    1.00000000000000e+000
    30.0000000000000e-003    45.0000000000000e-003    0.00000000000000e+000    0.00000000000000e+000    0.00000000000000e+000    1.00000000000000e+000
    40.0000000000000e-003    45.0000000000000e-003    0.00000000000000e+000    0.00000000000000e+000    0.00000000000000e+000    1.00000000000000e+000
    50.0000000000000e-003    45.0000000000000e-003    0.00000000000000e+000    0.00000000000000e+000    0.00000000000000e+000    1.00000000000000e+000
    60.0000000000000e-003    45.0000000000000e-003    0.00000000000000e+000    0.00000000000000e+000    0.00000000000000e+000    1.00000000000000e+000
    70.0000000000000e-003    45.0000000000000e-003    0.00000000000000e+000    0.00000000000000e+000    0.00000000000000e+000    1.00000000000000e+000
    80.0000000000000e-003    45.0000000000000e-003    0.00000000000000e+000    0.00000000000000e+000    0.00000000000000e+000    1.00000000000000e+000
    90.0000000000000e-003    45.0000000000000e-003    0.00000000000000e+000    0.00000000000000e+000    0.00000000000000e+000    1.00000000000000e+000
    100.000000000000e-003    45.0000000000000e-003    0.00000000000000e+000    0.00000000000000e+000    0.00000000000000e+000    1.00000000000000e+000
    110.000000000000e-003    45.0000000000000e-003    0.00000000000000e+000    0.00000000000000e+000    0.00000000000000e+000    1.00000000000000e+000
    120.000000000000e-003    45.0000000000000e-003    0.00000000000000e+000    0.00000000000000e+000    0.00000000000000e+000    1.00000000000000e+000
    130.000000000000e-003    45.0000000000000e-003    0.00000000000000e+000    0.00000000000000e+000    0.00000000000000e+000    1.00000000000000e+000
    140.000000000000e-003    45.0000000000000e-003    0.00000000000000e+000    0.00000000000000e+000    0.00000000000000e+000    1.00000000000000e+000
    150.000000000000e-003    45.0000000000000e-003    0.00000000000000e+000    0.00000000000000e+000    0.00000000000000e+000    1.00000000000000e+000
    160.000000000000e-003    45.0000000000000e-003    0.00000000000000e+000    0.00000000000000e+000    0.00000000000000e+000    1.00000000000000e+000
    170.000000000000e-003    45.0000000000000e-003    0.00000000000000e+000    0.00000000000000e+000    0.00000000000000e+000    1.00000000000000e+000
    180.000000000000e-003    45.0000000000000e-003    0.00000000000000e+000    0.00000000000000e+000    0.00000000000000e+000    1.00000000000000e+000
    190.000000000000e-003    45.0000000000000e-003    0.00000000000000e+000    0.00000000000000e+000    0.00000000000000e+000    1.00000000000000e+000
    200.000000000000e-003    45.0000000000000e-003    0.00000000000000e+000    0.00000000000000e+000    0.00000000000000e+000    1.00000000000000e+000
    210.000000000000e-003    45.0000000000000e-003    0.00000000000000e+000    0.00000000000000e+000    0.00000000000000e+000    1.00000000000000e+000
    220.000000000000e-003    45.0000000000000e-003    0.00000000000000e+000    0.00000000000000e+000    0.00000000000000e+000    1.00000000000000e+000
    230.000000000000e-003    45.0000000000000e-003    0.00000000000000e+000    0.00000000000000e+000    0.00000000000000e+000    1.00000000000000e+000
    240.000000000000e-003    45.0000000000000e-003    0.00000000000000e+000    0.00000000000000e+000    0.00000000000000e+000    1.00000000000000e+000
    250.000000000000e-003    45.0000000000000e-003    0.00000000000000e+000    0.00000000000000e+000    0.00000000000000e+000    1.00000000000000e+000
    260.000000000000e-003    45.0000000000000e-003    0.00000000000000e+000    0.00000000000000e+000    0.00000000000000e+000    1.00000000000000e+000
    270.000000000000e-003    45.0000000000000e-003    0.00000000000000e+000    0.00000000000000e+000    0.00000000000000e+000    1.00000000000000e+000
    280.000000000000e-003    45.0000000000000e-003    0.00000000000000e+000    0.00000000000000e+000    0.00000000000000e+000    1.00000000000000e+000
    290.000000000000e-003    45.0000000000000e-003    0.00000000000000e+000    0.00000000000000e+000    0.00000000000000e+000    1.00000000000000e+000
    300.000000000000e-003    45.0000000000000e-003    0.00000000000000e+000    0.00000000000000e+000    0.00000000000000e+000    1.00000000000000e+000
    0.00000000000000e+000    60.0000000000000e-003    0.00000000000000e+000    0.00000000000000e+000    0.00000000000000e+000    1.00000000000000e+000
    10.0000000000000e-003    60.0000000000000e-003    0.00000000000000e+000    0.00000000000000e+000    0.00000000000000e+000    1.00000000000000e+000
    20.0000000000000e-003    60.0000000000000e-003    0.00000000000000e+000    0.00000000000000e+000    0.00000000000000e+000    1.00000000000000e+000
    30.0000000000000e-003    60.0000000000000e-003    0.00000000000000e+000    0.00000000000000e+000    0.00000000000000e+000    1.00000000000000e+000
    40.0000000000000e-003    60.0000000000000e-003    0.00000000000000e+000    0.00000000000000e+000    0.00000000000000e+000    1.00000000000000e+000
    50.0000000000000e-003    60.0000000000000e-003    0.00000000000000e+000    0.00000000000000e+000    0.00000000000000e+000    1.00000000000000e+000
    60.0000000000000e-003    60.0000000000000e-003    0.00000000000000e+000    0.00000000000000e+000    0.00000000000000e+000    1.00000000000000e+000
    70.0000000000000e-003    60.0000000000000e-003    0.00000000000000e+000    0.00000000000000e+000    0.00000000000000e+000    1.00000000000000e+000
    80.0000000000000e-003    60.0000000000000e-003    0.00000000000000e+000    0.00000000000000e+000    0.00000000000000e+000    1.00000000000000e+000
    90.0000000000000e-003    60.0000000000000e-003    0.00000000000000e+000    0.00000000000000e+000    0.00000000000000e+000    1.00000000000000e+000
    100.000000000000e-003    60.0000000000000e-003    0.00000000000000e+000    0.00000000000000e+000    0.00000000000000e+000    1.00000000000000e+000
    110.000000000000e-003    60.0000000000000e-003    0.00000000000000e+000    0.00000000000000e+000    0.00000000000000e+000    1.00000000000000e+000
    120.000000000000e-003    60.0000000000000e-003    0.00000000000000e+000    0.00000000000000e+000    0.00000000000000e+000    1.00000000000000e+000
    130.000000000000e-003    60.0000000000000e-003    0.00000000000000e+000    0.00000000000000e+000    0.00000000000000e+000    1.00000000000000e+000
    140.000000000000e-003    60.0000000000000e-003    0.00000000000000e+000    0.00000000000000e+000    0.00000000000000e+000    1.00000000000000e+000
    150.000000000000e-003    60.0000000000000e-003    0.00000000000000e+000    0.00000000000000e+000    0.00000000000000e+000    1.00000000000000e+000
    160.000000000000e-003    60.0000000000000e-003    0.00000000000000e+000    0.00000000000000e+000    0.00000000000000e+000    1.00000000000000e+000
    170.000000000000e-003    60.0000000000000e-003    0.00000000000000e+000    0.00000000000000e+000    0.00000000000000e+000    1.00000000000000e+000
    180.000000000000e-003    60.0000000000000e-003    0.00000000000000e+000    0.00000000000000e+000    0.00000000000000e+000    1.00000000000000e+000
    190.000000000000e-003    60.0000000000000e-003    0.00000000000000e+000    0.00000000000000e+000    0.00000000000000e+000    1.00000000000000e+000
    200.000000000000e-003    60.0000000000000e-003    0.00000000000000e+000    0.00000000000000e+000    0.00000000000000e+000    1.00000000000000e+000
    210.000000000000e-003    60.0000000000000e-003    0.00000000000000e+000    0.00000000000000e+000    0.00000000000000e+000    1.00000000000000e+000
    220.000000000000e-003    60.0000000000000e-003    0.00000000000000e+000    0.00000000000000e+000    0.00000000000000e+000    1.00000000000000e+000
    230.000000000000e-003    60.0000000000000e-003    0.00000000000000e+000    0.00000000000000e+000    0.00000000000000e+000    1.00000000000000e+000
    240.000000000000e-003    60.0000000000000e-003    0.00000000000000e+000    0.00000000000000e+000    0.00000000000000e+000    1.00000000000000e+000
    250.000000000000e-003    60.0000000000000e-003    0.00000000000000e+000    0.00000000000000e+000    0.00000000000000e+000    1.00000000000000e+000
    260.000000000000e-003    60.0000000000000e-003    0.00000000000000e+000    0.00000000000000e+000    0.00000000000000e+000    1.00000000000000e+000
    270.000000000000e-003    60.0000000000000e-003    0.00000000000000e+000    0.00000000000000e+000    0.00000000000000e+000    1.00000000000000e+000
    280.000000000000e-003    60.0000000000000e-003    0.00000000000000e+000    0.00000000000000e+000    0.00000000000000e+000    1.00000000000000e+000
    290.000000000000e-003    60.0000000000000e-003    0.00000000000000e+000    0.00000000000000e+000    0.00000000000000e+000    1.00000000000000e+000
    300.000000000000e-003    60.0000000000000e-003    0.00000000000000e+000    0.00000000000000e+000    0.00000000000000e+000    1.00000000000000e+000
!!
!!
!!1st shell: connectivities (1, 2, 3, 4), material property (5).
    33    32     1     2     1
    34    33     2     3     1
    35    34     3     4     1
    36    35     4     5     1
    37    36     5     6     1
    38    37     6     7     1
    39    38     7     8     1
    40    39     8     9     1
    41    40     9    10     1
    42    41    10    11     1
    43    42    11    12     1
    44    43    12    13     1
    45    44    13    14     1
    46    45    14    15     1
    47    46    15    16     1
    48    47    16    17     1
    49    48    17    18     1
    50    49    18    19     1
    51    50    19    20     1
    52    51    20    21     1
    53    52    21    22     1
    54    53    22    23     1
    55    54    23    24     1
    56    55    24    25     1
    57    56    25    26     1
    58    57    26    27     1
    59    58    27    28     1
    60    59    28    29     1
    61    60    29    30     1
    62    61    30    31     1
    64    63    32    33     1
    65    64    33    34     1
    66    65    34    35     1
    67    66    35    36     1
    68    67    36    37     1
    69    68    37    38     1
    70    69    38    39     1
    71    70    39    40     1
    72    71    40    41     1
    73    72    41    42     1
    74    73    42    43     1
    75    74    43    44     1
    76    75    44    45     1
    77    76    45    46     1
    78    77    46    47     1
    79    78    47    48     1
    80    79    48    49     1
    81    80    49    50     1
    82    81    50    51     1
    83    82    51    52     1
    84    83    52    53     1
    85    84    53    54     1
    86    85    54    55     1
    87    86    55    56     1
    88    87    56    57     1
    89    88    57    58     1
    90    89    58    59     1
    91    90    59    60     1
    92    91    60    61     1
    93    92    61    62     1
    95    94    63    64     1
    96    95    64    65     1
    97    96    65    66     1
    98    97    66    67     1
    99    98    67    68     1
   100    99    68    69     1
   101   100    69    70     1
   102   101    70    71     1
   103   102    71    72     1
   104   103    72    73     1
   105   104    73    74     1
   106   105    74    75     1
   107   106    75    76     1
   108   107    76    77     1
   109   108    77    78     1
   110   109    78    79     1
   111   110    79    80     1
   112   111    80    81     1
   113   112    81    82     1
   114   113    82    83     1
   115   114    83    84     1
   116   115    84    85     1
   117   116    85    86     1
   118   117    86    87     1
   119   118    87    88     1
   120   119    88    89     1
   121   120    89    90     1
   122   121    90    91     1
   123   122    91    92     1
   124   123    92    93     1
   126   125    94    95     1
   127   126    95    96     1
   128   127    96    97     1
   129   128    97    98     1
   130   129    98    99     1
   131   130    99   100     1
   132   131   100   101     1
   133   132   101   102     1
   134   133   102   103     1
   135   134   103   104     1
   136   135   104   105     1
   137   136   105   106     1
   138   137   106   107     1
   139   138   107   108     1
   140   139   108   109     1
   141   140   109   110     1
   142   141   110   111     1
   143   142   111   112     1
   144   143   112   113     1
   145   144   113   114     1
   146   145   114   115     1
   147   146   115   116     1
   148   147   116   117     1
   149   148   117   118     1
   150   149   118   119     1
   151   150   119   120     1
   152   151   120   121     1
   153   152   121   122     1
   154   153   122   123     1
   155   154   123   124     1
!!
!!
!!1st material property: row 1, E1 (1), E2 (2), E3 (3), G23 (4), G13 (5), G12 (6), nu23 (7), nu13 (8), nu12 (9), row 2, rho (10), row 3, dissipation(11).
 2.06d11 2.06d11 2.06d11 1.03d11 1.03d11 1.03d11 0.0d0 0.0d0 0.0d0
 7.8d3
 0.0d0 0.0d0
!!
!!
!!1st material sequence: row 1, number of layers (1), row 2: material(2..number of layers+1), row 3: thickness (number of layers+2:2*number of layers+1), row 4: angle in degrees (2*number of layers+2:3*number of layers+1).
    1
    1
    2.0d-3
    0.0d0