!! 
!! 
!! number of wakes (1), number of wake properties (2) 
1 1 
!! 
!! 
!! wake 1: number of surface (1), number of segments (2), property number (3) 
1 50 1
!! 
!! 
!! wake 1: nodes (1, 2), ring (3) 
306 305 250 
305 304 249 
304 303 248 
303 302 247 
302 301 246 
301 300 245 
300 299 244 
299 298 243 
298 297 242 
297 296 241 
296 295 240 
295 294 239 
294 293 238 
293 292 237 
292 291 236 
291 290 235 
290 289 234 
289 288 233 
288 287 232 
287 286 231 
286 285 230 
285 284 229 
284 283 228 
283 282 227 
282 281 226 
281 280 225 
280 279 224 
279 278 223 
278 277 222 
277 276 221 
276 275 220 
275 274 219 
274 273 218 
273 272 217 
272 271 216 
271 270 215 
270 269 214 
269 268 213 
268 267 212 
267 266 211 
266 265 210 
265 264 209 
264 263 208 
263 262 207 
262 261 206 
261 260 205 
260 259 204 
259 258 203 
258 257 202 
257 256 201 
!! 
!! 
!! wake property 1: time cut (1), max. rows (2) 
100 100 0.0d0
