!! 
!! 
!! number of surfaces (1):
1 
!! 
!! 
!! !! surface: number of nodes (1), number of rings (2), number of nodes along first dimension (3), and number of nodes along second direction (4). 
255 200 51 5 
!! 
!! 
!! surface node coordinates: nodal phi (1, 2, 3). 
        0.0000000000d0         0.0000000000d0         0.0000000000d0 
        0.2000000000d0         0.0000000000d0         0.0000000000d0 
        0.4000000000d0         0.0000000000d0         0.0000000000d0 
        0.6000000000d0         0.0000000000d0         0.0000000000d0 
        0.8000000000d0         0.0000000000d0         0.0000000000d0 
        1.0000000000d0         0.0000000000d0         0.0000000000d0 
        1.2000000000d0         0.0000000000d0         0.0000000000d0 
        1.4000000000d0         0.0000000000d0         0.0000000000d0 
        1.6000000000d0         0.0000000000d0         0.0000000000d0 
        1.8000000000d0         0.0000000000d0         0.0000000000d0 
        2.0000000000d0         0.0000000000d0         0.0000000000d0 
        2.2000000000d0         0.0000000000d0         0.0000000000d0 
        2.4000000000d0         0.0000000000d0         0.0000000000d0 
        2.6000000000d0         0.0000000000d0         0.0000000000d0 
        2.8000000000d0         0.0000000000d0         0.0000000000d0 
        3.0000000000d0         0.0000000000d0         0.0000000000d0 
        3.2000000000d0         0.0000000000d0         0.0000000000d0 
        3.4000000000d0         0.0000000000d0         0.0000000000d0 
        3.6000000000d0         0.0000000000d0         0.0000000000d0 
        3.8000000000d0         0.0000000000d0         0.0000000000d0 
        4.0000000000d0         0.0000000000d0         0.0000000000d0 
        4.2000000000d0         0.0000000000d0         0.0000000000d0 
        4.4000000000d0         0.0000000000d0         0.0000000000d0 
        4.6000000000d0         0.0000000000d0         0.0000000000d0 
        4.8000000000d0         0.0000000000d0         0.0000000000d0 
        5.0000000000d0         0.0000000000d0         0.0000000000d0 
        5.2000000000d0         0.0000000000d0         0.0000000000d0 
        5.4000000000d0         0.0000000000d0         0.0000000000d0 
        5.6000000000d0         0.0000000000d0         0.0000000000d0 
        5.8000000000d0         0.0000000000d0         0.0000000000d0 
        6.0000000000d0         0.0000000000d0         0.0000000000d0 
        6.2000000000d0         0.0000000000d0         0.0000000000d0 
        6.4000000000d0         0.0000000000d0         0.0000000000d0 
        6.6000000000d0         0.0000000000d0         0.0000000000d0 
        6.8000000000d0         0.0000000000d0         0.0000000000d0 
        7.0000000000d0         0.0000000000d0         0.0000000000d0 
        7.2000000000d0         0.0000000000d0         0.0000000000d0 
        7.4000000000d0         0.0000000000d0         0.0000000000d0 
        7.6000000000d0         0.0000000000d0         0.0000000000d0 
        7.8000000000d0         0.0000000000d0         0.0000000000d0 
        8.0000000000d0         0.0000000000d0         0.0000000000d0 
        8.2000000000d0         0.0000000000d0         0.0000000000d0 
        8.4000000000d0         0.0000000000d0         0.0000000000d0 
        8.6000000000d0         0.0000000000d0         0.0000000000d0 
        8.8000000000d0         0.0000000000d0         0.0000000000d0 
        9.0000000000d0         0.0000000000d0         0.0000000000d0 
        9.2000000000d0         0.0000000000d0         0.0000000000d0 
        9.4000000000d0         0.0000000000d0         0.0000000000d0 
        9.6000000000d0         0.0000000000d0         0.0000000000d0 
        9.8000000000d0         0.0000000000d0         0.0000000000d0 
       10.0000000000d0         0.0000000000d0         0.0000000000d0 
        0.0000000000d0         0.2500000000d0         0.0000000000d0 
        0.2000000000d0         0.2500000000d0         0.0000000000d0 
        0.4000000000d0         0.2500000000d0         0.0000000000d0 
        0.6000000000d0         0.2500000000d0         0.0000000000d0 
        0.8000000000d0         0.2500000000d0         0.0000000000d0 
        1.0000000000d0         0.2500000000d0         0.0000000000d0 
        1.2000000000d0         0.2500000000d0         0.0000000000d0 
        1.4000000000d0         0.2500000000d0         0.0000000000d0 
        1.6000000000d0         0.2500000000d0         0.0000000000d0 
        1.8000000000d0         0.2500000000d0         0.0000000000d0 
        2.0000000000d0         0.2500000000d0         0.0000000000d0 
        2.2000000000d0         0.2500000000d0         0.0000000000d0 
        2.4000000000d0         0.2500000000d0         0.0000000000d0 
        2.6000000000d0         0.2500000000d0         0.0000000000d0 
        2.8000000000d0         0.2500000000d0         0.0000000000d0 
        3.0000000000d0         0.2500000000d0         0.0000000000d0 
        3.2000000000d0         0.2500000000d0         0.0000000000d0 
        3.4000000000d0         0.2500000000d0         0.0000000000d0 
        3.6000000000d0         0.2500000000d0         0.0000000000d0 
        3.8000000000d0         0.2500000000d0         0.0000000000d0 
        4.0000000000d0         0.2500000000d0         0.0000000000d0 
        4.2000000000d0         0.2500000000d0         0.0000000000d0 
        4.4000000000d0         0.2500000000d0         0.0000000000d0 
        4.6000000000d0         0.2500000000d0         0.0000000000d0 
        4.8000000000d0         0.2500000000d0         0.0000000000d0 
        5.0000000000d0         0.2500000000d0         0.0000000000d0 
        5.2000000000d0         0.2500000000d0         0.0000000000d0 
        5.4000000000d0         0.2500000000d0         0.0000000000d0 
        5.6000000000d0         0.2500000000d0         0.0000000000d0 
        5.8000000000d0         0.2500000000d0         0.0000000000d0 
        6.0000000000d0         0.2500000000d0         0.0000000000d0 
        6.2000000000d0         0.2500000000d0         0.0000000000d0 
        6.4000000000d0         0.2500000000d0         0.0000000000d0 
        6.6000000000d0         0.2500000000d0         0.0000000000d0 
        6.8000000000d0         0.2500000000d0         0.0000000000d0 
        7.0000000000d0         0.2500000000d0         0.0000000000d0 
        7.2000000000d0         0.2500000000d0         0.0000000000d0 
        7.4000000000d0         0.2500000000d0         0.0000000000d0 
        7.6000000000d0         0.2500000000d0         0.0000000000d0 
        7.8000000000d0         0.2500000000d0         0.0000000000d0 
        8.0000000000d0         0.2500000000d0         0.0000000000d0 
        8.2000000000d0         0.2500000000d0         0.0000000000d0 
        8.4000000000d0         0.2500000000d0         0.0000000000d0 
        8.6000000000d0         0.2500000000d0         0.0000000000d0 
        8.8000000000d0         0.2500000000d0         0.0000000000d0 
        9.0000000000d0         0.2500000000d0         0.0000000000d0 
        9.2000000000d0         0.2500000000d0         0.0000000000d0 
        9.4000000000d0         0.2500000000d0         0.0000000000d0 
        9.6000000000d0         0.2500000000d0         0.0000000000d0 
        9.8000000000d0         0.2500000000d0         0.0000000000d0 
       10.0000000000d0         0.2500000000d0         0.0000000000d0 
        0.0000000000d0         0.5000000000d0         0.0000000000d0 
        0.2000000000d0         0.5000000000d0         0.0000000000d0 
        0.4000000000d0         0.5000000000d0         0.0000000000d0 
        0.6000000000d0         0.5000000000d0         0.0000000000d0 
        0.8000000000d0         0.5000000000d0         0.0000000000d0 
        1.0000000000d0         0.5000000000d0         0.0000000000d0 
        1.2000000000d0         0.5000000000d0         0.0000000000d0 
        1.4000000000d0         0.5000000000d0         0.0000000000d0 
        1.6000000000d0         0.5000000000d0         0.0000000000d0 
        1.8000000000d0         0.5000000000d0         0.0000000000d0 
        2.0000000000d0         0.5000000000d0         0.0000000000d0 
        2.2000000000d0         0.5000000000d0         0.0000000000d0 
        2.4000000000d0         0.5000000000d0         0.0000000000d0 
        2.6000000000d0         0.5000000000d0         0.0000000000d0 
        2.8000000000d0         0.5000000000d0         0.0000000000d0 
        3.0000000000d0         0.5000000000d0         0.0000000000d0 
        3.2000000000d0         0.5000000000d0         0.0000000000d0 
        3.4000000000d0         0.5000000000d0         0.0000000000d0 
        3.6000000000d0         0.5000000000d0         0.0000000000d0 
        3.8000000000d0         0.5000000000d0         0.0000000000d0 
        4.0000000000d0         0.5000000000d0         0.0000000000d0 
        4.2000000000d0         0.5000000000d0         0.0000000000d0 
        4.4000000000d0         0.5000000000d0         0.0000000000d0 
        4.6000000000d0         0.5000000000d0         0.0000000000d0 
        4.8000000000d0         0.5000000000d0         0.0000000000d0 
        5.0000000000d0         0.5000000000d0         0.0000000000d0 
        5.2000000000d0         0.5000000000d0         0.0000000000d0 
        5.4000000000d0         0.5000000000d0         0.0000000000d0 
        5.6000000000d0         0.5000000000d0         0.0000000000d0 
        5.8000000000d0         0.5000000000d0         0.0000000000d0 
        6.0000000000d0         0.5000000000d0         0.0000000000d0 
        6.2000000000d0         0.5000000000d0         0.0000000000d0 
        6.4000000000d0         0.5000000000d0         0.0000000000d0 
        6.6000000000d0         0.5000000000d0         0.0000000000d0 
        6.8000000000d0         0.5000000000d0         0.0000000000d0 
        7.0000000000d0         0.5000000000d0         0.0000000000d0 
        7.2000000000d0         0.5000000000d0         0.0000000000d0 
        7.4000000000d0         0.5000000000d0         0.0000000000d0 
        7.6000000000d0         0.5000000000d0         0.0000000000d0 
        7.8000000000d0         0.5000000000d0         0.0000000000d0 
        8.0000000000d0         0.5000000000d0         0.0000000000d0 
        8.2000000000d0         0.5000000000d0         0.0000000000d0 
        8.4000000000d0         0.5000000000d0         0.0000000000d0 
        8.6000000000d0         0.5000000000d0         0.0000000000d0 
        8.8000000000d0         0.5000000000d0         0.0000000000d0 
        9.0000000000d0         0.5000000000d0         0.0000000000d0 
        9.2000000000d0         0.5000000000d0         0.0000000000d0 
        9.4000000000d0         0.5000000000d0         0.0000000000d0 
        9.6000000000d0         0.5000000000d0         0.0000000000d0 
        9.8000000000d0         0.5000000000d0         0.0000000000d0 
       10.0000000000d0         0.5000000000d0         0.0000000000d0 
        0.0000000000d0         0.7500000000d0         0.0000000000d0 
        0.2000000000d0         0.7500000000d0         0.0000000000d0 
        0.4000000000d0         0.7500000000d0         0.0000000000d0 
        0.6000000000d0         0.7500000000d0         0.0000000000d0 
        0.8000000000d0         0.7500000000d0         0.0000000000d0 
        1.0000000000d0         0.7500000000d0         0.0000000000d0 
        1.2000000000d0         0.7500000000d0         0.0000000000d0 
        1.4000000000d0         0.7500000000d0         0.0000000000d0 
        1.6000000000d0         0.7500000000d0         0.0000000000d0 
        1.8000000000d0         0.7500000000d0         0.0000000000d0 
        2.0000000000d0         0.7500000000d0         0.0000000000d0 
        2.2000000000d0         0.7500000000d0         0.0000000000d0 
        2.4000000000d0         0.7500000000d0         0.0000000000d0 
        2.6000000000d0         0.7500000000d0         0.0000000000d0 
        2.8000000000d0         0.7500000000d0         0.0000000000d0 
        3.0000000000d0         0.7500000000d0         0.0000000000d0 
        3.2000000000d0         0.7500000000d0         0.0000000000d0 
        3.4000000000d0         0.7500000000d0         0.0000000000d0 
        3.6000000000d0         0.7500000000d0         0.0000000000d0 
        3.8000000000d0         0.7500000000d0         0.0000000000d0 
        4.0000000000d0         0.7500000000d0         0.0000000000d0 
        4.2000000000d0         0.7500000000d0         0.0000000000d0 
        4.4000000000d0         0.7500000000d0         0.0000000000d0 
        4.6000000000d0         0.7500000000d0         0.0000000000d0 
        4.8000000000d0         0.7500000000d0         0.0000000000d0 
        5.0000000000d0         0.7500000000d0         0.0000000000d0 
        5.2000000000d0         0.7500000000d0         0.0000000000d0 
        5.4000000000d0         0.7500000000d0         0.0000000000d0 
        5.6000000000d0         0.7500000000d0         0.0000000000d0 
        5.8000000000d0         0.7500000000d0         0.0000000000d0 
        6.0000000000d0         0.7500000000d0         0.0000000000d0 
        6.2000000000d0         0.7500000000d0         0.0000000000d0 
        6.4000000000d0         0.7500000000d0         0.0000000000d0 
        6.6000000000d0         0.7500000000d0         0.0000000000d0 
        6.8000000000d0         0.7500000000d0         0.0000000000d0 
        7.0000000000d0         0.7500000000d0         0.0000000000d0 
        7.2000000000d0         0.7500000000d0         0.0000000000d0 
        7.4000000000d0         0.7500000000d0         0.0000000000d0 
        7.6000000000d0         0.7500000000d0         0.0000000000d0 
        7.8000000000d0         0.7500000000d0         0.0000000000d0 
        8.0000000000d0         0.7500000000d0         0.0000000000d0 
        8.2000000000d0         0.7500000000d0         0.0000000000d0 
        8.4000000000d0         0.7500000000d0         0.0000000000d0 
        8.6000000000d0         0.7500000000d0         0.0000000000d0 
        8.8000000000d0         0.7500000000d0         0.0000000000d0 
        9.0000000000d0         0.7500000000d0         0.0000000000d0 
        9.2000000000d0         0.7500000000d0         0.0000000000d0 
        9.4000000000d0         0.7500000000d0         0.0000000000d0 
        9.6000000000d0         0.7500000000d0         0.0000000000d0 
        9.8000000000d0         0.7500000000d0         0.0000000000d0 
       10.0000000000d0         0.7500000000d0         0.0000000000d0 
        0.0000000000d0         1.0000000000d0         0.0000000000d0 
        0.2000000000d0         1.0000000000d0         0.0000000000d0 
        0.4000000000d0         1.0000000000d0         0.0000000000d0 
        0.6000000000d0         1.0000000000d0         0.0000000000d0 
        0.8000000000d0         1.0000000000d0         0.0000000000d0 
        1.0000000000d0         1.0000000000d0         0.0000000000d0 
        1.2000000000d0         1.0000000000d0         0.0000000000d0 
        1.4000000000d0         1.0000000000d0         0.0000000000d0 
        1.6000000000d0         1.0000000000d0         0.0000000000d0 
        1.8000000000d0         1.0000000000d0         0.0000000000d0 
        2.0000000000d0         1.0000000000d0         0.0000000000d0 
        2.2000000000d0         1.0000000000d0         0.0000000000d0 
        2.4000000000d0         1.0000000000d0         0.0000000000d0 
        2.6000000000d0         1.0000000000d0         0.0000000000d0 
        2.8000000000d0         1.0000000000d0         0.0000000000d0 
        3.0000000000d0         1.0000000000d0         0.0000000000d0 
        3.2000000000d0         1.0000000000d0         0.0000000000d0 
        3.4000000000d0         1.0000000000d0         0.0000000000d0 
        3.6000000000d0         1.0000000000d0         0.0000000000d0 
        3.8000000000d0         1.0000000000d0         0.0000000000d0 
        4.0000000000d0         1.0000000000d0         0.0000000000d0 
        4.2000000000d0         1.0000000000d0         0.0000000000d0 
        4.4000000000d0         1.0000000000d0         0.0000000000d0 
        4.6000000000d0         1.0000000000d0         0.0000000000d0 
        4.8000000000d0         1.0000000000d0         0.0000000000d0 
        5.0000000000d0         1.0000000000d0         0.0000000000d0 
        5.2000000000d0         1.0000000000d0         0.0000000000d0 
        5.4000000000d0         1.0000000000d0         0.0000000000d0 
        5.6000000000d0         1.0000000000d0         0.0000000000d0 
        5.8000000000d0         1.0000000000d0         0.0000000000d0 
        6.0000000000d0         1.0000000000d0         0.0000000000d0 
        6.2000000000d0         1.0000000000d0         0.0000000000d0 
        6.4000000000d0         1.0000000000d0         0.0000000000d0 
        6.6000000000d0         1.0000000000d0         0.0000000000d0 
        6.8000000000d0         1.0000000000d0         0.0000000000d0 
        7.0000000000d0         1.0000000000d0         0.0000000000d0 
        7.2000000000d0         1.0000000000d0         0.0000000000d0 
        7.4000000000d0         1.0000000000d0         0.0000000000d0 
        7.6000000000d0         1.0000000000d0         0.0000000000d0 
        7.8000000000d0         1.0000000000d0         0.0000000000d0 
        8.0000000000d0         1.0000000000d0         0.0000000000d0 
        8.2000000000d0         1.0000000000d0         0.0000000000d0 
        8.4000000000d0         1.0000000000d0         0.0000000000d0 
        8.6000000000d0         1.0000000000d0         0.0000000000d0 
        8.8000000000d0         1.0000000000d0         0.0000000000d0 
        9.0000000000d0         1.0000000000d0         0.0000000000d0 
        9.2000000000d0         1.0000000000d0         0.0000000000d0 
        9.4000000000d0         1.0000000000d0         0.0000000000d0 
        9.6000000000d0         1.0000000000d0         0.0000000000d0 
        9.8000000000d0         1.0000000000d0         0.0000000000d0 
       10.0000000000d0         1.0000000000d0         0.0000000000d0 
!! 
!! 
!! surface: connectivities (1, 2, 3, 4). 
53 52 1 2 
54 53 2 3 
55 54 3 4 
56 55 4 5 
57 56 5 6 
58 57 6 7 
59 58 7 8 
60 59 8 9 
61 60 9 10 
62 61 10 11 
63 62 11 12 
64 63 12 13 
65 64 13 14 
66 65 14 15 
67 66 15 16 
68 67 16 17 
69 68 17 18 
70 69 18 19 
71 70 19 20 
72 71 20 21 
73 72 21 22 
74 73 22 23 
75 74 23 24 
76 75 24 25 
77 76 25 26 
78 77 26 27 
79 78 27 28 
80 79 28 29 
81 80 29 30 
82 81 30 31 
83 82 31 32 
84 83 32 33 
85 84 33 34 
86 85 34 35 
87 86 35 36 
88 87 36 37 
89 88 37 38 
90 89 38 39 
91 90 39 40 
92 91 40 41 
93 92 41 42 
94 93 42 43 
95 94 43 44 
96 95 44 45 
97 96 45 46 
98 97 46 47 
99 98 47 48 
100 99 48 49 
101 100 49 50 
102 101 50 51 
104 103 52 53 
105 104 53 54 
106 105 54 55 
107 106 55 56 
108 107 56 57 
109 108 57 58 
110 109 58 59 
111 110 59 60 
112 111 60 61 
113 112 61 62 
114 113 62 63 
115 114 63 64 
116 115 64 65 
117 116 65 66 
118 117 66 67 
119 118 67 68 
120 119 68 69 
121 120 69 70 
122 121 70 71 
123 122 71 72 
124 123 72 73 
125 124 73 74 
126 125 74 75 
127 126 75 76 
128 127 76 77 
129 128 77 78 
130 129 78 79 
131 130 79 80 
132 131 80 81 
133 132 81 82 
134 133 82 83 
135 134 83 84 
136 135 84 85 
137 136 85 86 
138 137 86 87 
139 138 87 88 
140 139 88 89 
141 140 89 90 
142 141 90 91 
143 142 91 92 
144 143 92 93 
145 144 93 94 
146 145 94 95 
147 146 95 96 
148 147 96 97 
149 148 97 98 
150 149 98 99 
151 150 99 100 
152 151 100 101 
153 152 101 102 
155 154 103 104 
156 155 104 105 
157 156 105 106 
158 157 106 107 
159 158 107 108 
160 159 108 109 
161 160 109 110 
162 161 110 111 
163 162 111 112 
164 163 112 113 
165 164 113 114 
166 165 114 115 
167 166 115 116 
168 167 116 117 
169 168 117 118 
170 169 118 119 
171 170 119 120 
172 171 120 121 
173 172 121 122 
174 173 122 123 
175 174 123 124 
176 175 124 125 
177 176 125 126 
178 177 126 127 
179 178 127 128 
180 179 128 129 
181 180 129 130 
182 181 130 131 
183 182 131 132 
184 183 132 133 
185 184 133 134 
186 185 134 135 
187 186 135 136 
188 187 136 137 
189 188 137 138 
190 189 138 139 
191 190 139 140 
192 191 140 141 
193 192 141 142 
194 193 142 143 
195 194 143 144 
196 195 144 145 
197 196 145 146 
198 197 146 147 
199 198 147 148 
200 199 148 149 
201 200 149 150 
202 201 150 151 
203 202 151 152 
204 203 152 153 
206 205 154 155 
207 206 155 156 
208 207 156 157 
209 208 157 158 
210 209 158 159 
211 210 159 160 
212 211 160 161 
213 212 161 162 
214 213 162 163 
215 214 163 164 
216 215 164 165 
217 216 165 166 
218 217 166 167 
219 218 167 168 
220 219 168 169 
221 220 169 170 
222 221 170 171 
223 222 171 172 
224 223 172 173 
225 224 173 174 
226 225 174 175 
227 226 175 176 
228 227 176 177 
229 228 177 178 
230 229 178 179 
231 230 179 180 
232 231 180 181 
233 232 181 182 
234 233 182 183 
235 234 183 184 
236 235 184 185 
237 236 185 186 
238 237 186 187 
239 238 187 188 
240 239 188 189 
241 240 189 190 
242 241 190 191 
243 242 191 192 
244 243 192 193 
245 244 193 194 
246 245 194 195 
247 246 195 196 
248 247 196 197 
249 248 197 198 
250 249 198 199 
251 250 199 200 
252 251 200 201 
253 252 201 202 
254 253 202 203 
255 254 203 204 
