!! 
!! 
!! number of beams (1), number of cross-section properties (2).
2 1 
!! 
!! 
!! beam 1: number of nodes (1), number of elements (2). 
121 120 
!! 
!! 
!! beam 1: nodal phi (1, 2, 3), nodal d1 (4, 5, 6), nodal d2 (7, 8, 9), nodal d3 (10, 11, 12). 
  0.000000   0.000000   0.000000   1.000000   0.000000   0.000000   0.000000   1.000000   0.000000   0.000000   0.000000   1.000000 
  0.000000   0.000000   1.000000   1.000000   0.000000   0.000000   0.000000   1.000000   0.000000   0.000000   0.000000   1.000000 
  0.000000   0.000000   2.000000   1.000000   0.000000   0.000000   0.000000   1.000000   0.000000   0.000000   0.000000   1.000000 
  0.000000   0.000000   3.000000   1.000000   0.000000   0.000000   0.000000   1.000000   0.000000   0.000000   0.000000   1.000000 
  0.000000   0.000000   4.000000   1.000000   0.000000   0.000000   0.000000   1.000000   0.000000   0.000000   0.000000   1.000000 
  0.000000   0.000000   5.000000   1.000000   0.000000   0.000000   0.000000   1.000000   0.000000   0.000000   0.000000   1.000000 
  0.000000   0.000000   6.000000   1.000000   0.000000   0.000000   0.000000   1.000000   0.000000   0.000000   0.000000   1.000000 
  0.000000   0.000000   7.000000   1.000000   0.000000   0.000000   0.000000   1.000000   0.000000   0.000000   0.000000   1.000000 
  0.000000   0.000000   8.000000   1.000000   0.000000   0.000000   0.000000   1.000000   0.000000   0.000000   0.000000   1.000000 
  0.000000   0.000000   9.000000   1.000000   0.000000   0.000000   0.000000   1.000000   0.000000   0.000000   0.000000   1.000000 
  0.000000   0.000000  10.000000   1.000000   0.000000   0.000000   0.000000   1.000000   0.000000   0.000000   0.000000   1.000000 
  0.000000   0.000000  11.000000   1.000000   0.000000   0.000000   0.000000   1.000000   0.000000   0.000000   0.000000   1.000000 
  0.000000   0.000000  12.000000   1.000000   0.000000   0.000000   0.000000   1.000000   0.000000   0.000000   0.000000   1.000000 
  0.000000   0.000000  13.000000   1.000000   0.000000   0.000000   0.000000   1.000000   0.000000   0.000000   0.000000   1.000000 
  0.000000   0.000000  14.000000   1.000000   0.000000   0.000000   0.000000   1.000000   0.000000   0.000000   0.000000   1.000000 
  0.000000   0.000000  15.000000   1.000000   0.000000   0.000000   0.000000   1.000000   0.000000   0.000000   0.000000   1.000000 
  0.000000   0.000000  16.000000   1.000000   0.000000   0.000000   0.000000   1.000000   0.000000   0.000000   0.000000   1.000000 
  0.000000   0.000000  17.000000   1.000000   0.000000   0.000000   0.000000   1.000000   0.000000   0.000000   0.000000   1.000000 
  0.000000   0.000000  18.000000   1.000000   0.000000   0.000000   0.000000   1.000000   0.000000   0.000000   0.000000   1.000000 
  0.000000   0.000000  19.000000   1.000000   0.000000   0.000000   0.000000   1.000000   0.000000   0.000000   0.000000   1.000000 
  0.000000   0.000000  20.000000   1.000000   0.000000   0.000000   0.000000   1.000000   0.000000   0.000000   0.000000   1.000000 
  0.000000   0.000000  21.000000   1.000000   0.000000   0.000000   0.000000   1.000000   0.000000   0.000000   0.000000   1.000000 
  0.000000   0.000000  22.000000   1.000000   0.000000   0.000000   0.000000   1.000000   0.000000   0.000000   0.000000   1.000000 
  0.000000   0.000000  23.000000   1.000000   0.000000   0.000000   0.000000   1.000000   0.000000   0.000000   0.000000   1.000000 
  0.000000   0.000000  24.000000   1.000000   0.000000   0.000000   0.000000   1.000000   0.000000   0.000000   0.000000   1.000000 
  0.000000   0.000000  25.000000   1.000000   0.000000   0.000000   0.000000   1.000000   0.000000   0.000000   0.000000   1.000000 
  0.000000   0.000000  26.000000   1.000000   0.000000   0.000000   0.000000   1.000000   0.000000   0.000000   0.000000   1.000000 
  0.000000   0.000000  27.000000   1.000000   0.000000   0.000000   0.000000   1.000000   0.000000   0.000000   0.000000   1.000000 
  0.000000   0.000000  28.000000   1.000000   0.000000   0.000000   0.000000   1.000000   0.000000   0.000000   0.000000   1.000000 
  0.000000   0.000000  29.000000   1.000000   0.000000   0.000000   0.000000   1.000000   0.000000   0.000000   0.000000   1.000000 
  0.000000   0.000000  30.000000   1.000000   0.000000   0.000000   0.000000   1.000000   0.000000   0.000000   0.000000   1.000000 
  0.000000   0.000000  31.000000   1.000000   0.000000   0.000000   0.000000   1.000000   0.000000   0.000000   0.000000   1.000000 
  0.000000   0.000000  32.000000   1.000000   0.000000   0.000000   0.000000   1.000000   0.000000   0.000000   0.000000   1.000000 
  0.000000   0.000000  33.000000   1.000000   0.000000   0.000000   0.000000   1.000000   0.000000   0.000000   0.000000   1.000000 
  0.000000   0.000000  34.000000   1.000000   0.000000   0.000000   0.000000   1.000000   0.000000   0.000000   0.000000   1.000000 
  0.000000   0.000000  35.000000   1.000000   0.000000   0.000000   0.000000   1.000000   0.000000   0.000000   0.000000   1.000000 
  0.000000   0.000000  36.000000   1.000000   0.000000   0.000000   0.000000   1.000000   0.000000   0.000000   0.000000   1.000000 
  0.000000   0.000000  37.000000   1.000000   0.000000   0.000000   0.000000   1.000000   0.000000   0.000000   0.000000   1.000000 
  0.000000   0.000000  38.000000   1.000000   0.000000   0.000000   0.000000   1.000000   0.000000   0.000000   0.000000   1.000000 
  0.000000   0.000000  39.000000   1.000000   0.000000   0.000000   0.000000   1.000000   0.000000   0.000000   0.000000   1.000000 
  0.000000   0.000000  40.000000   1.000000   0.000000   0.000000   0.000000   1.000000   0.000000   0.000000   0.000000   1.000000 
  0.000000   0.000000  41.000000   1.000000   0.000000   0.000000   0.000000   1.000000   0.000000   0.000000   0.000000   1.000000 
  0.000000   0.000000  42.000000   1.000000   0.000000   0.000000   0.000000   1.000000   0.000000   0.000000   0.000000   1.000000 
  0.000000   0.000000  43.000000   1.000000   0.000000   0.000000   0.000000   1.000000   0.000000   0.000000   0.000000   1.000000 
  0.000000   0.000000  44.000000   1.000000   0.000000   0.000000   0.000000   1.000000   0.000000   0.000000   0.000000   1.000000 
  0.000000   0.000000  45.000000   1.000000   0.000000   0.000000   0.000000   1.000000   0.000000   0.000000   0.000000   1.000000 
  0.000000   0.000000  46.000000   1.000000   0.000000   0.000000   0.000000   1.000000   0.000000   0.000000   0.000000   1.000000 
  0.000000   0.000000  47.000000   1.000000   0.000000   0.000000   0.000000   1.000000   0.000000   0.000000   0.000000   1.000000 
  0.000000   0.000000  48.000000   1.000000   0.000000   0.000000   0.000000   1.000000   0.000000   0.000000   0.000000   1.000000 
  0.000000   0.000000  49.000000   1.000000   0.000000   0.000000   0.000000   1.000000   0.000000   0.000000   0.000000   1.000000 
  0.000000   0.000000  50.000000   1.000000   0.000000   0.000000   0.000000   1.000000   0.000000   0.000000   0.000000   1.000000 
  0.000000   0.000000  51.000000   1.000000   0.000000   0.000000   0.000000   1.000000   0.000000   0.000000   0.000000   1.000000 
  0.000000   0.000000  52.000000   1.000000   0.000000   0.000000   0.000000   1.000000   0.000000   0.000000   0.000000   1.000000 
  0.000000   0.000000  53.000000   1.000000   0.000000   0.000000   0.000000   1.000000   0.000000   0.000000   0.000000   1.000000 
  0.000000   0.000000  54.000000   1.000000   0.000000   0.000000   0.000000   1.000000   0.000000   0.000000   0.000000   1.000000 
  0.000000   0.000000  55.000000   1.000000   0.000000   0.000000   0.000000   1.000000   0.000000   0.000000   0.000000   1.000000 
  0.000000   0.000000  56.000000   1.000000   0.000000   0.000000   0.000000   1.000000   0.000000   0.000000   0.000000   1.000000 
  0.000000   0.000000  57.000000   1.000000   0.000000   0.000000   0.000000   1.000000   0.000000   0.000000   0.000000   1.000000 
  0.000000   0.000000  58.000000   1.000000   0.000000   0.000000   0.000000   1.000000   0.000000   0.000000   0.000000   1.000000 
  0.000000   0.000000  59.000000   1.000000   0.000000   0.000000   0.000000   1.000000   0.000000   0.000000   0.000000   1.000000 
  0.000000   0.000000  60.000000   1.000000   0.000000   0.000000   0.000000   1.000000   0.000000   0.000000   0.000000   1.000000 
  0.000000   0.000000  61.000000   1.000000   0.000000   0.000000   0.000000   1.000000   0.000000   0.000000   0.000000   1.000000 
  0.000000   0.000000  62.000000   1.000000   0.000000   0.000000   0.000000   1.000000   0.000000   0.000000   0.000000   1.000000 
  0.000000   0.000000  63.000000   1.000000   0.000000   0.000000   0.000000   1.000000   0.000000   0.000000   0.000000   1.000000 
  0.000000   0.000000  64.000000   1.000000   0.000000   0.000000   0.000000   1.000000   0.000000   0.000000   0.000000   1.000000 
  0.000000   0.000000  65.000000   1.000000   0.000000   0.000000   0.000000   1.000000   0.000000   0.000000   0.000000   1.000000 
  0.000000   0.000000  66.000000   1.000000   0.000000   0.000000   0.000000   1.000000   0.000000   0.000000   0.000000   1.000000 
  0.000000   0.000000  67.000000   1.000000   0.000000   0.000000   0.000000   1.000000   0.000000   0.000000   0.000000   1.000000 
  0.000000   0.000000  68.000000   1.000000   0.000000   0.000000   0.000000   1.000000   0.000000   0.000000   0.000000   1.000000 
  0.000000   0.000000  69.000000   1.000000   0.000000   0.000000   0.000000   1.000000   0.000000   0.000000   0.000000   1.000000 
  0.000000   0.000000  70.000000   1.000000   0.000000   0.000000   0.000000   1.000000   0.000000   0.000000   0.000000   1.000000 
  0.000000   0.000000  71.000000   1.000000   0.000000   0.000000   0.000000   1.000000   0.000000   0.000000   0.000000   1.000000 
  0.000000   0.000000  72.000000   1.000000   0.000000   0.000000   0.000000   1.000000   0.000000   0.000000   0.000000   1.000000 
  0.000000   0.000000  73.000000   1.000000   0.000000   0.000000   0.000000   1.000000   0.000000   0.000000   0.000000   1.000000 
  0.000000   0.000000  74.000000   1.000000   0.000000   0.000000   0.000000   1.000000   0.000000   0.000000   0.000000   1.000000 
  0.000000   0.000000  75.000000   1.000000   0.000000   0.000000   0.000000   1.000000   0.000000   0.000000   0.000000   1.000000 
  0.000000   0.000000  76.000000   1.000000   0.000000   0.000000   0.000000   1.000000   0.000000   0.000000   0.000000   1.000000 
  0.000000   0.000000  77.000000   1.000000   0.000000   0.000000   0.000000   1.000000   0.000000   0.000000   0.000000   1.000000 
  0.000000   0.000000  78.000000   1.000000   0.000000   0.000000   0.000000   1.000000   0.000000   0.000000   0.000000   1.000000 
  0.000000   0.000000  79.000000   1.000000   0.000000   0.000000   0.000000   1.000000   0.000000   0.000000   0.000000   1.000000 
  0.000000   0.000000  80.000000   1.000000   0.000000   0.000000   0.000000   1.000000   0.000000   0.000000   0.000000   1.000000 
  0.000000   0.000000  81.000000   1.000000   0.000000   0.000000   0.000000   1.000000   0.000000   0.000000   0.000000   1.000000 
  0.000000   0.000000  82.000000   1.000000   0.000000   0.000000   0.000000   1.000000   0.000000   0.000000   0.000000   1.000000 
  0.000000   0.000000  83.000000   1.000000   0.000000   0.000000   0.000000   1.000000   0.000000   0.000000   0.000000   1.000000 
  0.000000   0.000000  84.000000   1.000000   0.000000   0.000000   0.000000   1.000000   0.000000   0.000000   0.000000   1.000000 
  0.000000   0.000000  85.000000   1.000000   0.000000   0.000000   0.000000   1.000000   0.000000   0.000000   0.000000   1.000000 
  0.000000   0.000000  86.000000   1.000000   0.000000   0.000000   0.000000   1.000000   0.000000   0.000000   0.000000   1.000000 
  0.000000   0.000000  87.000000   1.000000   0.000000   0.000000   0.000000   1.000000   0.000000   0.000000   0.000000   1.000000 
  0.000000   0.000000  88.000000   1.000000   0.000000   0.000000   0.000000   1.000000   0.000000   0.000000   0.000000   1.000000 
  0.000000   0.000000  89.000000   1.000000   0.000000   0.000000   0.000000   1.000000   0.000000   0.000000   0.000000   1.000000 
  0.000000   0.000000  90.000000   1.000000   0.000000   0.000000   0.000000   1.000000   0.000000   0.000000   0.000000   1.000000 
  0.000000   0.000000  91.000000   1.000000   0.000000   0.000000   0.000000   1.000000   0.000000   0.000000   0.000000   1.000000 
  0.000000   0.000000  92.000000   1.000000   0.000000   0.000000   0.000000   1.000000   0.000000   0.000000   0.000000   1.000000 
  0.000000   0.000000  93.000000   1.000000   0.000000   0.000000   0.000000   1.000000   0.000000   0.000000   0.000000   1.000000 
  0.000000   0.000000  94.000000   1.000000   0.000000   0.000000   0.000000   1.000000   0.000000   0.000000   0.000000   1.000000 
  0.000000   0.000000  95.000000   1.000000   0.000000   0.000000   0.000000   1.000000   0.000000   0.000000   0.000000   1.000000 
  0.000000   0.000000  96.000000   1.000000   0.000000   0.000000   0.000000   1.000000   0.000000   0.000000   0.000000   1.000000 
  0.000000   0.000000  97.000000   1.000000   0.000000   0.000000   0.000000   1.000000   0.000000   0.000000   0.000000   1.000000 
  0.000000   0.000000  98.000000   1.000000   0.000000   0.000000   0.000000   1.000000   0.000000   0.000000   0.000000   1.000000 
  0.000000   0.000000  99.000000   1.000000   0.000000   0.000000   0.000000   1.000000   0.000000   0.000000   0.000000   1.000000 
  0.000000   0.000000 100.000000   1.000000   0.000000   0.000000   0.000000   1.000000   0.000000   0.000000   0.000000   1.000000 
  0.000000   0.000000 101.000000   1.000000   0.000000   0.000000   0.000000   1.000000   0.000000   0.000000   0.000000   1.000000 
  0.000000   0.000000 102.000000   1.000000   0.000000   0.000000   0.000000   1.000000   0.000000   0.000000   0.000000   1.000000 
  0.000000   0.000000 103.000000   1.000000   0.000000   0.000000   0.000000   1.000000   0.000000   0.000000   0.000000   1.000000 
  0.000000   0.000000 104.000000   1.000000   0.000000   0.000000   0.000000   1.000000   0.000000   0.000000   0.000000   1.000000 
  0.000000   0.000000 105.000000   1.000000   0.000000   0.000000   0.000000   1.000000   0.000000   0.000000   0.000000   1.000000 
  0.000000   0.000000 106.000000   1.000000   0.000000   0.000000   0.000000   1.000000   0.000000   0.000000   0.000000   1.000000 
  0.000000   0.000000 107.000000   1.000000   0.000000   0.000000   0.000000   1.000000   0.000000   0.000000   0.000000   1.000000 
  0.000000   0.000000 108.000000   1.000000   0.000000   0.000000   0.000000   1.000000   0.000000   0.000000   0.000000   1.000000 
  0.000000   0.000000 109.000000   1.000000   0.000000   0.000000   0.000000   1.000000   0.000000   0.000000   0.000000   1.000000 
  0.000000   0.000000 110.000000   1.000000   0.000000   0.000000   0.000000   1.000000   0.000000   0.000000   0.000000   1.000000 
  0.000000   0.000000 111.000000   1.000000   0.000000   0.000000   0.000000   1.000000   0.000000   0.000000   0.000000   1.000000 
  0.000000   0.000000 112.000000   1.000000   0.000000   0.000000   0.000000   1.000000   0.000000   0.000000   0.000000   1.000000 
  0.000000   0.000000 113.000000   1.000000   0.000000   0.000000   0.000000   1.000000   0.000000   0.000000   0.000000   1.000000 
  0.000000   0.000000 114.000000   1.000000   0.000000   0.000000   0.000000   1.000000   0.000000   0.000000   0.000000   1.000000 
  0.000000   0.000000 115.000000   1.000000   0.000000   0.000000   0.000000   1.000000   0.000000   0.000000   0.000000   1.000000 
  0.000000   0.000000 116.000000   1.000000   0.000000   0.000000   0.000000   1.000000   0.000000   0.000000   0.000000   1.000000 
  0.000000   0.000000 117.000000   1.000000   0.000000   0.000000   0.000000   1.000000   0.000000   0.000000   0.000000   1.000000 
  0.000000   0.000000 118.000000   1.000000   0.000000   0.000000   0.000000   1.000000   0.000000   0.000000   0.000000   1.000000 
  0.000000   0.000000 119.000000   1.000000   0.000000   0.000000   0.000000   1.000000   0.000000   0.000000   0.000000   1.000000 
  0.000000   0.000000 120.000000   1.000000   0.000000   0.000000   0.000000   1.000000   0.000000   0.000000   0.000000   1.000000 
!! 
!! 
!! beam 1: connectivities (1, 2), cross-section property (3). 
1 2 1 
2 3 1 
3 4 1 
4 5 1 
5 6 1 
6 7 1 
7 8 1 
8 9 1 
9 10 1 
10 11 1 
11 12 1 
12 13 1 
13 14 1 
14 15 1 
15 16 1 
16 17 1 
17 18 1 
18 19 1 
19 20 1 
20 21 1 
21 22 1 
22 23 1 
23 24 1 
24 25 1 
25 26 1 
26 27 1 
27 28 1 
28 29 1 
29 30 1 
30 31 1 
31 32 1 
32 33 1 
33 34 1 
34 35 1 
35 36 1 
36 37 1 
37 38 1 
38 39 1 
39 40 1 
40 41 1 
41 42 1 
42 43 1 
43 44 1 
44 45 1 
45 46 1 
46 47 1 
47 48 1 
48 49 1 
49 50 1 
50 51 1 
51 52 1 
52 53 1 
53 54 1 
54 55 1 
55 56 1 
56 57 1 
57 58 1 
58 59 1 
59 60 1 
60 61 1 
61 62 1 
62 63 1 
63 64 1 
64 65 1 
65 66 1 
66 67 1 
67 68 1 
68 69 1 
69 70 1 
70 71 1 
71 72 1 
72 73 1 
73 74 1 
74 75 1 
75 76 1 
76 77 1 
77 78 1 
78 79 1 
79 80 1 
80 81 1 
81 82 1 
82 83 1 
83 84 1 
84 85 1 
85 86 1 
86 87 1 
87 88 1 
88 89 1 
89 90 1 
90 91 1 
91 92 1 
92 93 1 
93 94 1 
94 95 1 
95 96 1 
96 97 1 
97 98 1 
98 99 1 
99 100 1 
100 101 1 
101 102 1 
102 103 1 
103 104 1 
104 105 1 
105 106 1 
106 107 1 
107 108 1 
108 109 1 
109 110 1 
110 111 1 
111 112 1 
112 113 1 
113 114 1 
114 115 1 
115 116 1 
116 117 1 
117 118 1 
118 119 1 
119 120 1 
120 121 1 
!! 
!! 
!! beam 2: number of nodes (1), number of elements (2). 
121 120 
!! 
!! 
!! beam 2: nodal phi (1, 2, 3), nodal d1 (4, 5, 6), nodal d2 (7, 8, 9), nodal d3 (10, 11, 12). 
  0.000000   0.000000 120.000000   0.000000   0.000000  -1.000000   0.000000   1.000000   0.000000   1.000000  -0.000000   0.000000 
  1.000000   0.000000 120.000000   0.000000   0.000000  -1.000000   0.000000   1.000000   0.000000   1.000000  -0.000000   0.000000 
  2.000000   0.000000 120.000000   0.000000   0.000000  -1.000000   0.000000   1.000000   0.000000   1.000000  -0.000000   0.000000 
  3.000000   0.000000 120.000000   0.000000   0.000000  -1.000000   0.000000   1.000000   0.000000   1.000000  -0.000000   0.000000 
  4.000000   0.000000 120.000000   0.000000   0.000000  -1.000000   0.000000   1.000000   0.000000   1.000000  -0.000000   0.000000 
  5.000000   0.000000 120.000000   0.000000   0.000000  -1.000000   0.000000   1.000000   0.000000   1.000000  -0.000000   0.000000 
  6.000000   0.000000 120.000000   0.000000   0.000000  -1.000000   0.000000   1.000000   0.000000   1.000000  -0.000000   0.000000 
  7.000000   0.000000 120.000000   0.000000   0.000000  -1.000000   0.000000   1.000000   0.000000   1.000000  -0.000000   0.000000 
  8.000000   0.000000 120.000000   0.000000   0.000000  -1.000000   0.000000   1.000000   0.000000   1.000000  -0.000000   0.000000 
  9.000000   0.000000 120.000000   0.000000   0.000000  -1.000000   0.000000   1.000000   0.000000   1.000000  -0.000000   0.000000 
 10.000000   0.000000 120.000000   0.000000   0.000000  -1.000000   0.000000   1.000000   0.000000   1.000000  -0.000000   0.000000 
 11.000000   0.000000 120.000000   0.000000   0.000000  -1.000000   0.000000   1.000000   0.000000   1.000000  -0.000000   0.000000 
 12.000000   0.000000 120.000000   0.000000   0.000000  -1.000000   0.000000   1.000000   0.000000   1.000000  -0.000000   0.000000 
 13.000000   0.000000 120.000000   0.000000   0.000000  -1.000000   0.000000   1.000000   0.000000   1.000000  -0.000000   0.000000 
 14.000000   0.000000 120.000000   0.000000   0.000000  -1.000000   0.000000   1.000000   0.000000   1.000000  -0.000000   0.000000 
 15.000000   0.000000 120.000000   0.000000   0.000000  -1.000000   0.000000   1.000000   0.000000   1.000000  -0.000000   0.000000 
 16.000000   0.000000 120.000000   0.000000   0.000000  -1.000000   0.000000   1.000000   0.000000   1.000000  -0.000000   0.000000 
 17.000000   0.000000 120.000000   0.000000   0.000000  -1.000000   0.000000   1.000000   0.000000   1.000000  -0.000000   0.000000 
 18.000000   0.000000 120.000000   0.000000   0.000000  -1.000000   0.000000   1.000000   0.000000   1.000000  -0.000000   0.000000 
 19.000000   0.000000 120.000000   0.000000   0.000000  -1.000000   0.000000   1.000000   0.000000   1.000000  -0.000000   0.000000 
 20.000000   0.000000 120.000000   0.000000   0.000000  -1.000000   0.000000   1.000000   0.000000   1.000000  -0.000000   0.000000 
 21.000000   0.000000 120.000000   0.000000   0.000000  -1.000000   0.000000   1.000000   0.000000   1.000000  -0.000000   0.000000 
 22.000000   0.000000 120.000000   0.000000   0.000000  -1.000000   0.000000   1.000000   0.000000   1.000000  -0.000000   0.000000 
 23.000000   0.000000 120.000000   0.000000   0.000000  -1.000000   0.000000   1.000000   0.000000   1.000000  -0.000000   0.000000 
 24.000000   0.000000 120.000000   0.000000   0.000000  -1.000000   0.000000   1.000000   0.000000   1.000000  -0.000000   0.000000 
 25.000000   0.000000 120.000000   0.000000   0.000000  -1.000000   0.000000   1.000000   0.000000   1.000000  -0.000000   0.000000 
 26.000000   0.000000 120.000000   0.000000   0.000000  -1.000000   0.000000   1.000000   0.000000   1.000000  -0.000000   0.000000 
 27.000000   0.000000 120.000000   0.000000   0.000000  -1.000000   0.000000   1.000000   0.000000   1.000000  -0.000000   0.000000 
 28.000000   0.000000 120.000000   0.000000   0.000000  -1.000000   0.000000   1.000000   0.000000   1.000000  -0.000000   0.000000 
 29.000000   0.000000 120.000000   0.000000   0.000000  -1.000000   0.000000   1.000000   0.000000   1.000000  -0.000000   0.000000 
 30.000000   0.000000 120.000000   0.000000   0.000000  -1.000000   0.000000   1.000000   0.000000   1.000000  -0.000000   0.000000 
 31.000000   0.000000 120.000000   0.000000   0.000000  -1.000000   0.000000   1.000000   0.000000   1.000000  -0.000000   0.000000 
 32.000000   0.000000 120.000000   0.000000   0.000000  -1.000000   0.000000   1.000000   0.000000   1.000000  -0.000000   0.000000 
 33.000000   0.000000 120.000000   0.000000   0.000000  -1.000000   0.000000   1.000000   0.000000   1.000000  -0.000000   0.000000 
 34.000000   0.000000 120.000000   0.000000   0.000000  -1.000000   0.000000   1.000000   0.000000   1.000000  -0.000000   0.000000 
 35.000000   0.000000 120.000000   0.000000   0.000000  -1.000000   0.000000   1.000000   0.000000   1.000000  -0.000000   0.000000 
 36.000000   0.000000 120.000000   0.000000   0.000000  -1.000000   0.000000   1.000000   0.000000   1.000000  -0.000000   0.000000 
 37.000000   0.000000 120.000000   0.000000   0.000000  -1.000000   0.000000   1.000000   0.000000   1.000000  -0.000000   0.000000 
 38.000000   0.000000 120.000000   0.000000   0.000000  -1.000000   0.000000   1.000000   0.000000   1.000000  -0.000000   0.000000 
 39.000000   0.000000 120.000000   0.000000   0.000000  -1.000000   0.000000   1.000000   0.000000   1.000000  -0.000000   0.000000 
 40.000000   0.000000 120.000000   0.000000   0.000000  -1.000000   0.000000   1.000000   0.000000   1.000000  -0.000000   0.000000 
 41.000000   0.000000 120.000000   0.000000   0.000000  -1.000000   0.000000   1.000000   0.000000   1.000000  -0.000000   0.000000 
 42.000000   0.000000 120.000000   0.000000   0.000000  -1.000000   0.000000   1.000000   0.000000   1.000000  -0.000000   0.000000 
 43.000000   0.000000 120.000000   0.000000   0.000000  -1.000000   0.000000   1.000000   0.000000   1.000000  -0.000000   0.000000 
 44.000000   0.000000 120.000000   0.000000   0.000000  -1.000000   0.000000   1.000000   0.000000   1.000000  -0.000000   0.000000 
 45.000000   0.000000 120.000000   0.000000   0.000000  -1.000000   0.000000   1.000000   0.000000   1.000000  -0.000000   0.000000 
 46.000000   0.000000 120.000000   0.000000   0.000000  -1.000000   0.000000   1.000000   0.000000   1.000000  -0.000000   0.000000 
 47.000000   0.000000 120.000000   0.000000   0.000000  -1.000000   0.000000   1.000000   0.000000   1.000000  -0.000000   0.000000 
 48.000000   0.000000 120.000000   0.000000   0.000000  -1.000000   0.000000   1.000000   0.000000   1.000000  -0.000000   0.000000 
 49.000000   0.000000 120.000000   0.000000   0.000000  -1.000000   0.000000   1.000000   0.000000   1.000000  -0.000000   0.000000 
 50.000000   0.000000 120.000000   0.000000   0.000000  -1.000000   0.000000   1.000000   0.000000   1.000000  -0.000000   0.000000 
 51.000000   0.000000 120.000000   0.000000   0.000000  -1.000000   0.000000   1.000000   0.000000   1.000000  -0.000000   0.000000 
 52.000000   0.000000 120.000000   0.000000   0.000000  -1.000000   0.000000   1.000000   0.000000   1.000000  -0.000000   0.000000 
 53.000000   0.000000 120.000000   0.000000   0.000000  -1.000000   0.000000   1.000000   0.000000   1.000000  -0.000000   0.000000 
 54.000000   0.000000 120.000000   0.000000   0.000000  -1.000000   0.000000   1.000000   0.000000   1.000000  -0.000000   0.000000 
 55.000000   0.000000 120.000000   0.000000   0.000000  -1.000000   0.000000   1.000000   0.000000   1.000000  -0.000000   0.000000 
 56.000000   0.000000 120.000000   0.000000   0.000000  -1.000000   0.000000   1.000000   0.000000   1.000000  -0.000000   0.000000 
 57.000000   0.000000 120.000000   0.000000   0.000000  -1.000000   0.000000   1.000000   0.000000   1.000000  -0.000000   0.000000 
 58.000000   0.000000 120.000000   0.000000   0.000000  -1.000000   0.000000   1.000000   0.000000   1.000000  -0.000000   0.000000 
 59.000000   0.000000 120.000000   0.000000   0.000000  -1.000000   0.000000   1.000000   0.000000   1.000000  -0.000000   0.000000 
 60.000000   0.000000 120.000000   0.000000   0.000000  -1.000000   0.000000   1.000000   0.000000   1.000000  -0.000000   0.000000 
 61.000000   0.000000 120.000000   0.000000   0.000000  -1.000000   0.000000   1.000000   0.000000   1.000000  -0.000000   0.000000 
 62.000000   0.000000 120.000000   0.000000   0.000000  -1.000000   0.000000   1.000000   0.000000   1.000000  -0.000000   0.000000 
 63.000000   0.000000 120.000000   0.000000   0.000000  -1.000000   0.000000   1.000000   0.000000   1.000000  -0.000000   0.000000 
 64.000000   0.000000 120.000000   0.000000   0.000000  -1.000000   0.000000   1.000000   0.000000   1.000000  -0.000000   0.000000 
 65.000000   0.000000 120.000000   0.000000   0.000000  -1.000000   0.000000   1.000000   0.000000   1.000000  -0.000000   0.000000 
 66.000000   0.000000 120.000000   0.000000   0.000000  -1.000000   0.000000   1.000000   0.000000   1.000000  -0.000000   0.000000 
 67.000000   0.000000 120.000000   0.000000   0.000000  -1.000000   0.000000   1.000000   0.000000   1.000000  -0.000000   0.000000 
 68.000000   0.000000 120.000000   0.000000   0.000000  -1.000000   0.000000   1.000000   0.000000   1.000000  -0.000000   0.000000 
 69.000000   0.000000 120.000000   0.000000   0.000000  -1.000000   0.000000   1.000000   0.000000   1.000000  -0.000000   0.000000 
 70.000000   0.000000 120.000000   0.000000   0.000000  -1.000000   0.000000   1.000000   0.000000   1.000000  -0.000000   0.000000 
 71.000000   0.000000 120.000000   0.000000   0.000000  -1.000000   0.000000   1.000000   0.000000   1.000000  -0.000000   0.000000 
 72.000000   0.000000 120.000000   0.000000   0.000000  -1.000000   0.000000   1.000000   0.000000   1.000000  -0.000000   0.000000 
 73.000000   0.000000 120.000000   0.000000   0.000000  -1.000000   0.000000   1.000000   0.000000   1.000000  -0.000000   0.000000 
 74.000000   0.000000 120.000000   0.000000   0.000000  -1.000000   0.000000   1.000000   0.000000   1.000000  -0.000000   0.000000 
 75.000000   0.000000 120.000000   0.000000   0.000000  -1.000000   0.000000   1.000000   0.000000   1.000000  -0.000000   0.000000 
 76.000000   0.000000 120.000000   0.000000   0.000000  -1.000000   0.000000   1.000000   0.000000   1.000000  -0.000000   0.000000 
 77.000000   0.000000 120.000000   0.000000   0.000000  -1.000000   0.000000   1.000000   0.000000   1.000000  -0.000000   0.000000 
 78.000000   0.000000 120.000000   0.000000   0.000000  -1.000000   0.000000   1.000000   0.000000   1.000000  -0.000000   0.000000 
 79.000000   0.000000 120.000000   0.000000   0.000000  -1.000000   0.000000   1.000000   0.000000   1.000000  -0.000000   0.000000 
 80.000000   0.000000 120.000000   0.000000   0.000000  -1.000000   0.000000   1.000000   0.000000   1.000000  -0.000000   0.000000 
 81.000000   0.000000 120.000000   0.000000   0.000000  -1.000000   0.000000   1.000000   0.000000   1.000000  -0.000000   0.000000 
 82.000000   0.000000 120.000000   0.000000   0.000000  -1.000000   0.000000   1.000000   0.000000   1.000000  -0.000000   0.000000 
 83.000000   0.000000 120.000000   0.000000   0.000000  -1.000000   0.000000   1.000000   0.000000   1.000000  -0.000000   0.000000 
 84.000000   0.000000 120.000000   0.000000   0.000000  -1.000000   0.000000   1.000000   0.000000   1.000000  -0.000000   0.000000 
 85.000000   0.000000 120.000000   0.000000   0.000000  -1.000000   0.000000   1.000000   0.000000   1.000000  -0.000000   0.000000 
 86.000000   0.000000 120.000000   0.000000   0.000000  -1.000000   0.000000   1.000000   0.000000   1.000000  -0.000000   0.000000 
 87.000000   0.000000 120.000000   0.000000   0.000000  -1.000000   0.000000   1.000000   0.000000   1.000000  -0.000000   0.000000 
 88.000000   0.000000 120.000000   0.000000   0.000000  -1.000000   0.000000   1.000000   0.000000   1.000000  -0.000000   0.000000 
 89.000000   0.000000 120.000000   0.000000   0.000000  -1.000000   0.000000   1.000000   0.000000   1.000000  -0.000000   0.000000 
 90.000000   0.000000 120.000000   0.000000   0.000000  -1.000000   0.000000   1.000000   0.000000   1.000000  -0.000000   0.000000 
 91.000000   0.000000 120.000000   0.000000   0.000000  -1.000000   0.000000   1.000000   0.000000   1.000000  -0.000000   0.000000 
 92.000000   0.000000 120.000000   0.000000   0.000000  -1.000000   0.000000   1.000000   0.000000   1.000000  -0.000000   0.000000 
 93.000000   0.000000 120.000000   0.000000   0.000000  -1.000000   0.000000   1.000000   0.000000   1.000000  -0.000000   0.000000 
 94.000000   0.000000 120.000000   0.000000   0.000000  -1.000000   0.000000   1.000000   0.000000   1.000000  -0.000000   0.000000 
 95.000000   0.000000 120.000000   0.000000   0.000000  -1.000000   0.000000   1.000000   0.000000   1.000000  -0.000000   0.000000 
 96.000000   0.000000 120.000000   0.000000   0.000000  -1.000000   0.000000   1.000000   0.000000   1.000000  -0.000000   0.000000 
 97.000000   0.000000 120.000000   0.000000   0.000000  -1.000000   0.000000   1.000000   0.000000   1.000000  -0.000000   0.000000 
 98.000000   0.000000 120.000000   0.000000   0.000000  -1.000000   0.000000   1.000000   0.000000   1.000000  -0.000000   0.000000 
 99.000000   0.000000 120.000000   0.000000   0.000000  -1.000000   0.000000   1.000000   0.000000   1.000000  -0.000000   0.000000 
100.000000   0.000000 120.000000   0.000000   0.000000  -1.000000   0.000000   1.000000   0.000000   1.000000  -0.000000   0.000000 
101.000000   0.000000 120.000000   0.000000   0.000000  -1.000000   0.000000   1.000000   0.000000   1.000000  -0.000000   0.000000 
102.000000   0.000000 120.000000   0.000000   0.000000  -1.000000   0.000000   1.000000   0.000000   1.000000  -0.000000   0.000000 
103.000000   0.000000 120.000000   0.000000   0.000000  -1.000000   0.000000   1.000000   0.000000   1.000000  -0.000000   0.000000 
104.000000   0.000000 120.000000   0.000000   0.000000  -1.000000   0.000000   1.000000   0.000000   1.000000  -0.000000   0.000000 
105.000000   0.000000 120.000000   0.000000   0.000000  -1.000000   0.000000   1.000000   0.000000   1.000000  -0.000000   0.000000 
106.000000   0.000000 120.000000   0.000000   0.000000  -1.000000   0.000000   1.000000   0.000000   1.000000  -0.000000   0.000000 
107.000000   0.000000 120.000000   0.000000   0.000000  -1.000000   0.000000   1.000000   0.000000   1.000000  -0.000000   0.000000 
108.000000   0.000000 120.000000   0.000000   0.000000  -1.000000   0.000000   1.000000   0.000000   1.000000  -0.000000   0.000000 
109.000000   0.000000 120.000000   0.000000   0.000000  -1.000000   0.000000   1.000000   0.000000   1.000000  -0.000000   0.000000 
110.000000   0.000000 120.000000   0.000000   0.000000  -1.000000   0.000000   1.000000   0.000000   1.000000  -0.000000   0.000000 
111.000000   0.000000 120.000000   0.000000   0.000000  -1.000000   0.000000   1.000000   0.000000   1.000000  -0.000000   0.000000 
112.000000   0.000000 120.000000   0.000000   0.000000  -1.000000   0.000000   1.000000   0.000000   1.000000  -0.000000   0.000000 
113.000000   0.000000 120.000000   0.000000   0.000000  -1.000000   0.000000   1.000000   0.000000   1.000000  -0.000000   0.000000 
114.000000   0.000000 120.000000   0.000000   0.000000  -1.000000   0.000000   1.000000   0.000000   1.000000  -0.000000   0.000000 
115.000000   0.000000 120.000000   0.000000   0.000000  -1.000000   0.000000   1.000000   0.000000   1.000000  -0.000000   0.000000 
116.000000   0.000000 120.000000   0.000000   0.000000  -1.000000   0.000000   1.000000   0.000000   1.000000  -0.000000   0.000000 
117.000000   0.000000 120.000000   0.000000   0.000000  -1.000000   0.000000   1.000000   0.000000   1.000000  -0.000000   0.000000 
118.000000   0.000000 120.000000   0.000000   0.000000  -1.000000   0.000000   1.000000   0.000000   1.000000  -0.000000   0.000000 
119.000000   0.000000 120.000000   0.000000   0.000000  -1.000000   0.000000   1.000000   0.000000   1.000000  -0.000000   0.000000 
120.000000   0.000000 120.000000   0.000000   0.000000  -1.000000   0.000000   1.000000   0.000000   1.000000  -0.000000   0.000000 
!! 
!! 
!! beam 2: connectivities (1, 2), cross-section property (3). 
1 2 1 
2 3 1 
3 4 1 
4 5 1 
5 6 1 
6 7 1 
7 8 1 
8 9 1 
9 10 1 
10 11 1 
11 12 1 
12 13 1 
13 14 1 
14 15 1 
15 16 1 
16 17 1 
17 18 1 
18 19 1 
19 20 1 
20 21 1 
21 22 1 
22 23 1 
23 24 1 
24 25 1 
25 26 1 
26 27 1 
27 28 1 
28 29 1 
29 30 1 
30 31 1 
31 32 1 
32 33 1 
33 34 1 
34 35 1 
35 36 1 
36 37 1 
37 38 1 
38 39 1 
39 40 1 
40 41 1 
41 42 1 
42 43 1 
43 44 1 
44 45 1 
45 46 1 
46 47 1 
47 48 1 
48 49 1 
49 50 1 
50 51 1 
51 52 1 
52 53 1 
53 54 1 
54 55 1 
55 56 1 
56 57 1 
57 58 1 
58 59 1 
59 60 1 
60 61 1 
61 62 1 
62 63 1 
63 64 1 
64 65 1 
65 66 1 
66 67 1 
67 68 1 
68 69 1 
69 70 1 
70 71 1 
71 72 1 
72 73 1 
73 74 1 
74 75 1 
75 76 1 
76 77 1 
77 78 1 
78 79 1 
79 80 1 
80 81 1 
81 82 1 
82 83 1 
83 84 1 
84 85 1 
85 86 1 
86 87 1 
87 88 1 
88 89 1 
89 90 1 
90 91 1 
91 92 1 
92 93 1 
93 94 1 
94 95 1 
95 96 1 
96 97 1 
97 98 1 
98 99 1 
99 100 1 
100 101 1 
101 102 1 
102 103 1 
103 104 1 
104 105 1 
105 106 1 
106 107 1 
107 108 1 
108 109 1 
109 110 1 
110 111 1 
111 112 1 
112 113 1 
113 114 1 
114 115 1 
115 116 1 
116 117 1 
117 118 1 
118 119 1 
119 120 1 
120 121 1 
!! 
!! 
!!cross-section property #1: row 1: EA, GA1, GA2, EI1, EI2, GIP, ES1, ES2, GS1, GS2, ES12; row 2: rhoA, rhoI1, rhoI2, rhoS1, rhoS2, rhoS12; row 3: alpha_s alpha_v
43200000.000000	16620000.000000	16620000.000000	32400000.000000	14400000.000000	18005000.000000	  0.000000	  0.000000	  0.000000	  0.000000	  0.000000
47100.000000	35325.000000	15700.000000	  0.000000	  0.000000	  0.000000
  0.000000	  0.000000
