!! 
!! 
!!number of beams (1), number of cross-section properties (2), flag for elasticit matrix input (0 old isotropic, 1 full matrices)
1 1 
!! 
!! 
!!1st beam: number of nodes (1), number of elements (2). 
101 100 
!! 
!! 
!!1st beam: nodal phi (1, 2, 3), nodal d1 (4, 5, 6), nodal d2 (7, 8, 9), nodal d3 (10, 11, 12). 
  0.000000   0.000000   0.000000   1.000000   0.000000   0.000000   0.000000   1.000000   0.000000   0.000000   0.000000   1.000000 
  0.000000   0.000000   0.010000   1.000000   0.000000   0.000000   0.000000   1.000000   0.000000   0.000000   0.000000   1.000000 
  0.000000   0.000000   0.020000   1.000000   0.000000   0.000000   0.000000   1.000000   0.000000   0.000000   0.000000   1.000000 
  0.000000   0.000000   0.030000   1.000000   0.000000   0.000000   0.000000   1.000000   0.000000   0.000000   0.000000   1.000000 
  0.000000   0.000000   0.040000   1.000000   0.000000   0.000000   0.000000   1.000000   0.000000   0.000000   0.000000   1.000000 
  0.000000   0.000000   0.050000   1.000000   0.000000   0.000000   0.000000   1.000000   0.000000   0.000000   0.000000   1.000000 
  0.000000   0.000000   0.060000   1.000000   0.000000   0.000000   0.000000   1.000000   0.000000   0.000000   0.000000   1.000000 
  0.000000   0.000000   0.070000   1.000000   0.000000   0.000000   0.000000   1.000000   0.000000   0.000000   0.000000   1.000000 
  0.000000   0.000000   0.080000   1.000000   0.000000   0.000000   0.000000   1.000000   0.000000   0.000000   0.000000   1.000000 
  0.000000   0.000000   0.090000   1.000000   0.000000   0.000000   0.000000   1.000000   0.000000   0.000000   0.000000   1.000000 
  0.000000   0.000000   0.100000   1.000000   0.000000   0.000000   0.000000   1.000000   0.000000   0.000000   0.000000   1.000000 
  0.000000   0.000000   0.110000   1.000000   0.000000   0.000000   0.000000   1.000000   0.000000   0.000000   0.000000   1.000000 
  0.000000   0.000000   0.120000   1.000000   0.000000   0.000000   0.000000   1.000000   0.000000   0.000000   0.000000   1.000000 
  0.000000   0.000000   0.130000   1.000000   0.000000   0.000000   0.000000   1.000000   0.000000   0.000000   0.000000   1.000000 
  0.000000   0.000000   0.140000   1.000000   0.000000   0.000000   0.000000   1.000000   0.000000   0.000000   0.000000   1.000000 
  0.000000   0.000000   0.150000   1.000000   0.000000   0.000000   0.000000   1.000000   0.000000   0.000000   0.000000   1.000000 
  0.000000   0.000000   0.160000   1.000000   0.000000   0.000000   0.000000   1.000000   0.000000   0.000000   0.000000   1.000000 
  0.000000   0.000000   0.170000   1.000000   0.000000   0.000000   0.000000   1.000000   0.000000   0.000000   0.000000   1.000000 
  0.000000   0.000000   0.180000   1.000000   0.000000   0.000000   0.000000   1.000000   0.000000   0.000000   0.000000   1.000000 
  0.000000   0.000000   0.190000   1.000000   0.000000   0.000000   0.000000   1.000000   0.000000   0.000000   0.000000   1.000000 
  0.000000   0.000000   0.200000   1.000000   0.000000   0.000000   0.000000   1.000000   0.000000   0.000000   0.000000   1.000000 
  0.000000   0.000000   0.210000   1.000000   0.000000   0.000000   0.000000   1.000000   0.000000   0.000000   0.000000   1.000000 
  0.000000   0.000000   0.220000   1.000000   0.000000   0.000000   0.000000   1.000000   0.000000   0.000000   0.000000   1.000000 
  0.000000   0.000000   0.230000   1.000000   0.000000   0.000000   0.000000   1.000000   0.000000   0.000000   0.000000   1.000000 
  0.000000   0.000000   0.240000   1.000000   0.000000   0.000000   0.000000   1.000000   0.000000   0.000000   0.000000   1.000000 
  0.000000   0.000000   0.250000   1.000000   0.000000   0.000000   0.000000   1.000000   0.000000   0.000000   0.000000   1.000000 
  0.000000   0.000000   0.260000   1.000000   0.000000   0.000000   0.000000   1.000000   0.000000   0.000000   0.000000   1.000000 
  0.000000   0.000000   0.270000   1.000000   0.000000   0.000000   0.000000   1.000000   0.000000   0.000000   0.000000   1.000000 
  0.000000   0.000000   0.280000   1.000000   0.000000   0.000000   0.000000   1.000000   0.000000   0.000000   0.000000   1.000000 
  0.000000   0.000000   0.290000   1.000000   0.000000   0.000000   0.000000   1.000000   0.000000   0.000000   0.000000   1.000000 
  0.000000   0.000000   0.300000   1.000000   0.000000   0.000000   0.000000   1.000000   0.000000   0.000000   0.000000   1.000000 
  0.000000   0.000000   0.310000   1.000000   0.000000   0.000000   0.000000   1.000000   0.000000   0.000000   0.000000   1.000000 
  0.000000   0.000000   0.320000   1.000000   0.000000   0.000000   0.000000   1.000000   0.000000   0.000000   0.000000   1.000000 
  0.000000   0.000000   0.330000   1.000000   0.000000   0.000000   0.000000   1.000000   0.000000   0.000000   0.000000   1.000000 
  0.000000   0.000000   0.340000   1.000000   0.000000   0.000000   0.000000   1.000000   0.000000   0.000000   0.000000   1.000000 
  0.000000   0.000000   0.350000   1.000000   0.000000   0.000000   0.000000   1.000000   0.000000   0.000000   0.000000   1.000000 
  0.000000   0.000000   0.360000   1.000000   0.000000   0.000000   0.000000   1.000000   0.000000   0.000000   0.000000   1.000000 
  0.000000   0.000000   0.370000   1.000000   0.000000   0.000000   0.000000   1.000000   0.000000   0.000000   0.000000   1.000000 
  0.000000   0.000000   0.380000   1.000000   0.000000   0.000000   0.000000   1.000000   0.000000   0.000000   0.000000   1.000000 
  0.000000   0.000000   0.390000   1.000000   0.000000   0.000000   0.000000   1.000000   0.000000   0.000000   0.000000   1.000000 
  0.000000   0.000000   0.400000   1.000000   0.000000   0.000000   0.000000   1.000000   0.000000   0.000000   0.000000   1.000000 
  0.000000   0.000000   0.410000   1.000000   0.000000   0.000000   0.000000   1.000000   0.000000   0.000000   0.000000   1.000000 
  0.000000   0.000000   0.420000   1.000000   0.000000   0.000000   0.000000   1.000000   0.000000   0.000000   0.000000   1.000000 
  0.000000   0.000000   0.430000   1.000000   0.000000   0.000000   0.000000   1.000000   0.000000   0.000000   0.000000   1.000000 
  0.000000   0.000000   0.440000   1.000000   0.000000   0.000000   0.000000   1.000000   0.000000   0.000000   0.000000   1.000000 
  0.000000   0.000000   0.450000   1.000000   0.000000   0.000000   0.000000   1.000000   0.000000   0.000000   0.000000   1.000000 
  0.000000   0.000000   0.460000   1.000000   0.000000   0.000000   0.000000   1.000000   0.000000   0.000000   0.000000   1.000000 
  0.000000   0.000000   0.470000   1.000000   0.000000   0.000000   0.000000   1.000000   0.000000   0.000000   0.000000   1.000000 
  0.000000   0.000000   0.480000   1.000000   0.000000   0.000000   0.000000   1.000000   0.000000   0.000000   0.000000   1.000000 
  0.000000   0.000000   0.490000   1.000000   0.000000   0.000000   0.000000   1.000000   0.000000   0.000000   0.000000   1.000000 
  0.000000   0.000000   0.500000   1.000000   0.000000   0.000000   0.000000   1.000000   0.000000   0.000000   0.000000   1.000000 
  0.000000   0.000000   0.510000   1.000000   0.000000   0.000000   0.000000   1.000000   0.000000   0.000000   0.000000   1.000000 
  0.000000   0.000000   0.520000   1.000000   0.000000   0.000000   0.000000   1.000000   0.000000   0.000000   0.000000   1.000000 
  0.000000   0.000000   0.530000   1.000000   0.000000   0.000000   0.000000   1.000000   0.000000   0.000000   0.000000   1.000000 
  0.000000   0.000000   0.540000   1.000000   0.000000   0.000000   0.000000   1.000000   0.000000   0.000000   0.000000   1.000000 
  0.000000   0.000000   0.550000   1.000000   0.000000   0.000000   0.000000   1.000000   0.000000   0.000000   0.000000   1.000000 
  0.000000   0.000000   0.560000   1.000000   0.000000   0.000000   0.000000   1.000000   0.000000   0.000000   0.000000   1.000000 
  0.000000   0.000000   0.570000   1.000000   0.000000   0.000000   0.000000   1.000000   0.000000   0.000000   0.000000   1.000000 
  0.000000   0.000000   0.580000   1.000000   0.000000   0.000000   0.000000   1.000000   0.000000   0.000000   0.000000   1.000000 
  0.000000   0.000000   0.590000   1.000000   0.000000   0.000000   0.000000   1.000000   0.000000   0.000000   0.000000   1.000000 
  0.000000   0.000000   0.600000   1.000000   0.000000   0.000000   0.000000   1.000000   0.000000   0.000000   0.000000   1.000000 
  0.000000   0.000000   0.610000   1.000000   0.000000   0.000000   0.000000   1.000000   0.000000   0.000000   0.000000   1.000000 
  0.000000   0.000000   0.620000   1.000000   0.000000   0.000000   0.000000   1.000000   0.000000   0.000000   0.000000   1.000000 
  0.000000   0.000000   0.630000   1.000000   0.000000   0.000000   0.000000   1.000000   0.000000   0.000000   0.000000   1.000000 
  0.000000   0.000000   0.640000   1.000000   0.000000   0.000000   0.000000   1.000000   0.000000   0.000000   0.000000   1.000000 
  0.000000   0.000000   0.650000   1.000000   0.000000   0.000000   0.000000   1.000000   0.000000   0.000000   0.000000   1.000000 
  0.000000   0.000000   0.660000   1.000000   0.000000   0.000000   0.000000   1.000000   0.000000   0.000000   0.000000   1.000000 
  0.000000   0.000000   0.670000   1.000000   0.000000   0.000000   0.000000   1.000000   0.000000   0.000000   0.000000   1.000000 
  0.000000   0.000000   0.680000   1.000000   0.000000   0.000000   0.000000   1.000000   0.000000   0.000000   0.000000   1.000000 
  0.000000   0.000000   0.690000   1.000000   0.000000   0.000000   0.000000   1.000000   0.000000   0.000000   0.000000   1.000000 
  0.000000   0.000000   0.700000   1.000000   0.000000   0.000000   0.000000   1.000000   0.000000   0.000000   0.000000   1.000000 
  0.000000   0.000000   0.710000   1.000000   0.000000   0.000000   0.000000   1.000000   0.000000   0.000000   0.000000   1.000000 
  0.000000   0.000000   0.720000   1.000000   0.000000   0.000000   0.000000   1.000000   0.000000   0.000000   0.000000   1.000000 
  0.000000   0.000000   0.730000   1.000000   0.000000   0.000000   0.000000   1.000000   0.000000   0.000000   0.000000   1.000000 
  0.000000   0.000000   0.740000   1.000000   0.000000   0.000000   0.000000   1.000000   0.000000   0.000000   0.000000   1.000000 
  0.000000   0.000000   0.750000   1.000000   0.000000   0.000000   0.000000   1.000000   0.000000   0.000000   0.000000   1.000000 
  0.000000   0.000000   0.760000   1.000000   0.000000   0.000000   0.000000   1.000000   0.000000   0.000000   0.000000   1.000000 
  0.000000   0.000000   0.770000   1.000000   0.000000   0.000000   0.000000   1.000000   0.000000   0.000000   0.000000   1.000000 
  0.000000   0.000000   0.780000   1.000000   0.000000   0.000000   0.000000   1.000000   0.000000   0.000000   0.000000   1.000000 
  0.000000   0.000000   0.790000   1.000000   0.000000   0.000000   0.000000   1.000000   0.000000   0.000000   0.000000   1.000000 
  0.000000   0.000000   0.800000   1.000000   0.000000   0.000000   0.000000   1.000000   0.000000   0.000000   0.000000   1.000000 
  0.000000   0.000000   0.810000   1.000000   0.000000   0.000000   0.000000   1.000000   0.000000   0.000000   0.000000   1.000000 
  0.000000   0.000000   0.820000   1.000000   0.000000   0.000000   0.000000   1.000000   0.000000   0.000000   0.000000   1.000000 
  0.000000   0.000000   0.830000   1.000000   0.000000   0.000000   0.000000   1.000000   0.000000   0.000000   0.000000   1.000000 
  0.000000   0.000000   0.840000   1.000000   0.000000   0.000000   0.000000   1.000000   0.000000   0.000000   0.000000   1.000000 
  0.000000   0.000000   0.850000   1.000000   0.000000   0.000000   0.000000   1.000000   0.000000   0.000000   0.000000   1.000000 
  0.000000   0.000000   0.860000   1.000000   0.000000   0.000000   0.000000   1.000000   0.000000   0.000000   0.000000   1.000000 
  0.000000   0.000000   0.870000   1.000000   0.000000   0.000000   0.000000   1.000000   0.000000   0.000000   0.000000   1.000000 
  0.000000   0.000000   0.880000   1.000000   0.000000   0.000000   0.000000   1.000000   0.000000   0.000000   0.000000   1.000000 
  0.000000   0.000000   0.890000   1.000000   0.000000   0.000000   0.000000   1.000000   0.000000   0.000000   0.000000   1.000000 
  0.000000   0.000000   0.900000   1.000000   0.000000   0.000000   0.000000   1.000000   0.000000   0.000000   0.000000   1.000000 
  0.000000   0.000000   0.910000   1.000000   0.000000   0.000000   0.000000   1.000000   0.000000   0.000000   0.000000   1.000000 
  0.000000   0.000000   0.920000   1.000000   0.000000   0.000000   0.000000   1.000000   0.000000   0.000000   0.000000   1.000000 
  0.000000   0.000000   0.930000   1.000000   0.000000   0.000000   0.000000   1.000000   0.000000   0.000000   0.000000   1.000000 
  0.000000   0.000000   0.940000   1.000000   0.000000   0.000000   0.000000   1.000000   0.000000   0.000000   0.000000   1.000000 
  0.000000   0.000000   0.950000   1.000000   0.000000   0.000000   0.000000   1.000000   0.000000   0.000000   0.000000   1.000000 
  0.000000   0.000000   0.960000   1.000000   0.000000   0.000000   0.000000   1.000000   0.000000   0.000000   0.000000   1.000000 
  0.000000   0.000000   0.970000   1.000000   0.000000   0.000000   0.000000   1.000000   0.000000   0.000000   0.000000   1.000000 
  0.000000   0.000000   0.980000   1.000000   0.000000   0.000000   0.000000   1.000000   0.000000   0.000000   0.000000   1.000000 
  0.000000   0.000000   0.990000   1.000000   0.000000   0.000000   0.000000   1.000000   0.000000   0.000000   0.000000   1.000000 
  0.000000   0.000000   1.000000   1.000000   0.000000   0.000000   0.000000   1.000000   0.000000   0.000000   0.000000   1.000000 
!! 
!! 
!!1st beam: connectivities (1, 2), cross-section property (3). 
1 2 1 
2 3 1 
3 4 1 
4 5 1 
5 6 1 
6 7 1 
7 8 1 
8 9 1 
9 10 1 
10 11 1 
11 12 1 
12 13 1 
13 14 1 
14 15 1 
15 16 1 
16 17 1 
17 18 1 
18 19 1 
19 20 1 
20 21 1 
21 22 1 
22 23 1 
23 24 1 
24 25 1 
25 26 1 
26 27 1 
27 28 1 
28 29 1 
29 30 1 
30 31 1 
31 32 1 
32 33 1 
33 34 1 
34 35 1 
35 36 1 
36 37 1 
37 38 1 
38 39 1 
39 40 1 
40 41 1 
41 42 1 
42 43 1 
43 44 1 
44 45 1 
45 46 1 
46 47 1 
47 48 1 
48 49 1 
49 50 1 
50 51 1 
51 52 1 
52 53 1 
53 54 1 
54 55 1 
55 56 1 
56 57 1 
57 58 1 
58 59 1 
59 60 1 
60 61 1 
61 62 1 
62 63 1 
63 64 1 
64 65 1 
65 66 1 
66 67 1 
67 68 1 
68 69 1 
69 70 1 
70 71 1 
71 72 1 
72 73 1 
73 74 1 
74 75 1 
75 76 1 
76 77 1 
77 78 1 
78 79 1 
79 80 1 
80 81 1 
81 82 1 
82 83 1 
83 84 1 
84 85 1 
85 86 1 
86 87 1 
87 88 1 
88 89 1 
89 90 1 
90 91 1 
91 92 1 
92 93 1 
93 94 1 
94 95 1 
95 96 1 
96 97 1 
97 98 1 
98 99 1 
99 100 1 
100 101 1 
!! 
!! 
!!1st cross-section property: row 1, EA, GA1, GA2, EI1, EI2, GIP, ES1, ES2, GS1, GS2, ES12; row 2: rhoA, rhoI1, rhoI2, rhoS1, rhoS2, rhoS12; row 3, alpha_s alpha_v
1.847E+09	7.037E+08	7.037E+08	4.618E+06	4.618E+06	3.519E+06	0.000E+00	0.000E+00	0.000E+00	0.000E+00	0.000E+00
6.905E+01	1.726E-01	1.726E-01	0.000E+00	0.000E+00	0.000E+00
0.000d0	0.000d0