!!
!!
!! number of shells (1), number of material properties (2), number of material sequences (3)
1 1 1
!!
!!
!!1st shell: number of nodes (1), number of elements (2).
  289        256     
!!
!!
!!1st shell: nodal phi (1, 2, 3), nodal d (4, 5, 6).
             4.33013            -2.50000             0.00000             0.88192            -0.47140             0.00000
             4.33013             2.50000             0.00000             0.88192             0.47140            -0.00000
             4.48436            -2.21144             0.00000             0.89687            -0.44229            -0.00000
             4.61940            -1.91342             0.00000             0.92388            -0.38268             0.00000
             4.73465            -1.60720             0.00000             0.94693            -0.32144             0.00000
             4.82963            -1.29410             0.00000             0.96593            -0.25882             0.00000
             4.90393            -0.97545             0.00000             0.98079            -0.19509             0.00000
             4.95722            -0.65263             0.00000             0.99144            -0.13053             0.00000
             4.98929            -0.32702             0.00000             0.99786            -0.06540             0.00000
             5.00000            -0.00000             0.00000             1.00000            -0.00000             0.00000
             4.98929             0.32702             0.00000             0.99786             0.06540            -0.00000
             4.95722             0.65263             0.00000             0.99144             0.13053            -0.00000
             4.90393             0.97545             0.00000             0.98079             0.19509            -0.00000
             4.82963             1.29410             0.00000             0.96593             0.25882            -0.00000
             4.73465             1.60720             0.00000             0.94693             0.32144            -0.00000
             4.61940             1.91342             0.00000             0.92388             0.38268            -0.00000
             4.48436             2.21144             0.00000             0.89687             0.44229            -0.00000
             4.33013             2.50000             5.00000             0.88192             0.47140             0.00000
             4.33013             2.50000             0.31250             0.88192             0.47140            -0.00000
             4.33013             2.50000             0.62500             0.88192             0.47140             0.00000
             4.33013             2.50000             0.93750             0.88192             0.47140             0.00000
             4.33013             2.50000             1.25000             0.88192             0.47140             0.00000
             4.33013             2.50000             1.56250             0.88192             0.47140             0.00000
             4.33013             2.50000             1.87500             0.88192             0.47140             0.00000
             4.33013             2.50000             2.18750             0.88192             0.47140            -0.00000
             4.33013             2.50000             2.50000             0.88192             0.47140             0.00000
             4.33013             2.50000             2.81250             0.88192             0.47140             0.00000
             4.33013             2.50000             3.12500             0.88192             0.47140            -0.00000
             4.33013             2.50000             3.43750             0.88192             0.47140            -0.00000
             4.33013             2.50000             3.75000             0.88192             0.47140             0.00000
             4.33013             2.50000             4.06250             0.88192             0.47140            -0.00000
             4.33013             2.50000             4.37500             0.88192             0.47140            -0.00000
             4.33013             2.50000             4.68750             0.88192             0.47140             0.00000
             4.33013            -2.50000             5.00000             0.88192            -0.47140             0.00000
             4.48436            -2.21144             5.00000             0.89687            -0.44229             0.00000
             4.61940            -1.91342             5.00000             0.92388            -0.38268            -0.00000
             4.73465            -1.60720             5.00000             0.94693            -0.32144            -0.00000
             4.82963            -1.29410             5.00000             0.96593            -0.25882            -0.00000
             4.90393            -0.97545             5.00000             0.98079            -0.19509            -0.00000
             4.95722            -0.65263             5.00000             0.99144            -0.13053            -0.00000
             4.98929            -0.32702             5.00000             0.99786            -0.06540            -0.00000
             5.00000            -0.00000             5.00000             1.00000            -0.00000            -0.00000
             4.98929             0.32702             5.00000             0.99786             0.06540             0.00000
             4.95722             0.65263             5.00000             0.99144             0.13053             0.00000
             4.90393             0.97545             5.00000             0.98079             0.19509             0.00000
             4.82963             1.29410             5.00000             0.96593             0.25882             0.00000
             4.73465             1.60720             5.00000             0.94693             0.32144             0.00000
             4.61940             1.91342             5.00000             0.92388             0.38268             0.00000
             4.48436             2.21144             5.00000             0.89687             0.44229             0.00000
             4.33013            -2.50000             0.31250             0.88192            -0.47140             0.00000
             4.33013            -2.50000             0.62500             0.88192            -0.47140             0.00000
             4.33013            -2.50000             0.93750             0.88192            -0.47140             0.00000
             4.33013            -2.50000             1.25000             0.88192            -0.47140             0.00000
             4.33013            -2.50000             1.56250             0.88192            -0.47140             0.00000
             4.33013            -2.50000             1.87500             0.88192            -0.47140             0.00000
             4.33013            -2.50000             2.18750             0.88192            -0.47140             0.00000
             4.33013            -2.50000             2.50000             0.88192            -0.47140             0.00000
             4.33013            -2.50000             2.81250             0.88192            -0.47140             0.00000
             4.33013            -2.50000             3.12500             0.88192            -0.47140             0.00000
             4.33013            -2.50000             3.43750             0.88192            -0.47140             0.00000
             4.33013            -2.50000             3.75000             0.88192            -0.47140             0.00000
             4.33013            -2.50000             4.06250             0.88192            -0.47140             0.00000
             4.33013            -2.50000             4.37500             0.88192            -0.47140             0.00000
             4.33013            -2.50000             4.68750             0.88192            -0.47140             0.00000
             4.48436            -2.21144             0.31250             0.89687            -0.44229            -0.00000
             4.48436            -2.21144             0.62500             0.89687            -0.44229             0.00000
             4.48436            -2.21144             0.93750             0.89687            -0.44229             0.00000
             4.48436            -2.21144             1.25000             0.89687            -0.44229             0.00000
             4.48436            -2.21144             1.56250             0.89687            -0.44229             0.00000
             4.48436            -2.21144             1.87500             0.89687            -0.44229             0.00000
             4.48436            -2.21144             2.18750             0.89687            -0.44229             0.00000
             4.48436            -2.21144             2.50000             0.89687            -0.44229             0.00000
             4.48436            -2.21144             2.81250             0.89687            -0.44229             0.00000
             4.48436            -2.21144             3.12500             0.89687            -0.44229             0.00000
             4.48436            -2.21144             3.43750             0.89687            -0.44229             0.00000
             4.48436            -2.21144             3.75000             0.89687            -0.44229             0.00000
             4.48436            -2.21144             4.06250             0.89687            -0.44229             0.00000
             4.48436            -2.21144             4.37500             0.89687            -0.44229             0.00000
             4.48436            -2.21144             4.68750             0.89687            -0.44229             0.00000
             4.61940            -1.91342             0.31250             0.92388            -0.38268             0.00000
             4.61940            -1.91342             0.62500             0.92388            -0.38268             0.00000
             4.61940            -1.91342             0.93750             0.92388            -0.38268             0.00000
             4.61940            -1.91342             1.25000             0.92388            -0.38268             0.00000
             4.61940            -1.91342             1.56250             0.92388            -0.38268             0.00000
             4.61940            -1.91342             1.87500             0.92388            -0.38268             0.00000
             4.61940            -1.91342             2.18750             0.92388            -0.38268             0.00000
             4.61940            -1.91342             2.50000             0.92388            -0.38268             0.00000
             4.61940            -1.91342             2.81250             0.92388            -0.38268             0.00000
             4.61940            -1.91342             3.12500             0.92388            -0.38268             0.00000
             4.61940            -1.91342             3.43750             0.92388            -0.38268             0.00000
             4.61940            -1.91342             3.75000             0.92388            -0.38268             0.00000
             4.61940            -1.91342             4.06250             0.92388            -0.38268             0.00000
             4.61940            -1.91342             4.37500             0.92388            -0.38268             0.00000
             4.61940            -1.91342             4.68750             0.92388            -0.38268            -0.00000
             4.73465            -1.60720             0.31250             0.94693            -0.32144             0.00000
             4.73465            -1.60720             0.62500             0.94693            -0.32144             0.00000
             4.73465            -1.60720             0.93750             0.94693            -0.32144             0.00000
             4.73465            -1.60720             1.25000             0.94693            -0.32144             0.00000
             4.73465            -1.60720             1.56250             0.94693            -0.32144             0.00000
             4.73465            -1.60720             1.87500             0.94693            -0.32144             0.00000
             4.73465            -1.60720             2.18750             0.94693            -0.32144             0.00000
             4.73465            -1.60720             2.50000             0.94693            -0.32144             0.00000
             4.73465            -1.60720             2.81250             0.94693            -0.32144             0.00000
             4.73465            -1.60720             3.12500             0.94693            -0.32144             0.00000
             4.73465            -1.60720             3.43750             0.94693            -0.32144             0.00000
             4.73465            -1.60720             3.75000             0.94693            -0.32144             0.00000
             4.73465            -1.60720             4.06250             0.94693            -0.32144             0.00000
             4.73465            -1.60720             4.37500             0.94693            -0.32144             0.00000
             4.73465            -1.60720             4.68750             0.94693            -0.32144            -0.00000
             4.82963            -1.29410             0.31250             0.96593            -0.25882             0.00000
             4.82963            -1.29410             0.62500             0.96593            -0.25882             0.00000
             4.82963            -1.29410             0.93750             0.96593            -0.25882             0.00000
             4.82963            -1.29410             1.25000             0.96593            -0.25882             0.00000
             4.82963            -1.29410             1.56250             0.96593            -0.25882             0.00000
             4.82963            -1.29410             1.87500             0.96593            -0.25882             0.00000
             4.82963            -1.29410             2.18750             0.96593            -0.25882             0.00000
             4.82963            -1.29410             2.50000             0.96593            -0.25882             0.00000
             4.82963            -1.29410             2.81250             0.96593            -0.25882             0.00000
             4.82963            -1.29410             3.12500             0.96593            -0.25882             0.00000
             4.82963            -1.29410             3.43750             0.96593            -0.25882             0.00000
             4.82963            -1.29410             3.75000             0.96593            -0.25882             0.00000
             4.82963            -1.29410             4.06250             0.96593            -0.25882             0.00000
             4.82963            -1.29410             4.37500             0.96593            -0.25882             0.00000
             4.82963            -1.29410             4.68750             0.96593            -0.25882            -0.00000
             4.90393            -0.97545             0.31250             0.98079            -0.19509             0.00000
             4.90393            -0.97545             0.62500             0.98079            -0.19509             0.00000
             4.90393            -0.97545             0.93750             0.98079            -0.19509             0.00000
             4.90393            -0.97545             1.25000             0.98079            -0.19509             0.00000
             4.90393            -0.97545             1.56250             0.98079            -0.19509             0.00000
             4.90393            -0.97545             1.87500             0.98079            -0.19509             0.00000
             4.90393            -0.97545             2.18750             0.98079            -0.19509             0.00000
             4.90393            -0.97545             2.50000             0.98079            -0.19509             0.00000
             4.90393            -0.97545             2.81250             0.98079            -0.19509             0.00000
             4.90393            -0.97545             3.12500             0.98079            -0.19509             0.00000
             4.90393            -0.97545             3.43750             0.98079            -0.19509             0.00000
             4.90393            -0.97545             3.75000             0.98079            -0.19509             0.00000
             4.90393            -0.97545             4.06250             0.98079            -0.19509             0.00000
             4.90393            -0.97545             4.37500             0.98079            -0.19509             0.00000
             4.90393            -0.97545             4.68750             0.98079            -0.19509            -0.00000
             4.95722            -0.65263             0.31250             0.99144            -0.13053             0.00000
             4.95722            -0.65263             0.62500             0.99144            -0.13053             0.00000
             4.95722            -0.65263             0.93750             0.99144            -0.13053             0.00000
             4.95722            -0.65263             1.25000             0.99144            -0.13053             0.00000
             4.95722            -0.65263             1.56250             0.99144            -0.13053             0.00000
             4.95722            -0.65263             1.87500             0.99144            -0.13053             0.00000
             4.95722            -0.65263             2.18750             0.99144            -0.13053             0.00000
             4.95722            -0.65263             2.50000             0.99144            -0.13053             0.00000
             4.95722            -0.65263             2.81250             0.99144            -0.13053             0.00000
             4.95722            -0.65263             3.12500             0.99144            -0.13053             0.00000
             4.95722            -0.65263             3.43750             0.99144            -0.13053             0.00000
             4.95722            -0.65263             3.75000             0.99144            -0.13053             0.00000
             4.95722            -0.65263             4.06250             0.99144            -0.13053             0.00000
             4.95722            -0.65263             4.37500             0.99144            -0.13053             0.00000
             4.95722            -0.65263             4.68750             0.99144            -0.13053            -0.00000
             4.98929            -0.32702             0.31250             0.99786            -0.06540             0.00000
             4.98929            -0.32702             0.62500             0.99786            -0.06540             0.00000
             4.98929            -0.32702             0.93750             0.99786            -0.06540             0.00000
             4.98929            -0.32702             1.25000             0.99786            -0.06540             0.00000
             4.98929            -0.32702             1.56250             0.99786            -0.06540             0.00000
             4.98929            -0.32702             1.87500             0.99786            -0.06540            -0.00000
             4.98929            -0.32702             2.18750             0.99786            -0.06540             0.00000
             4.98929            -0.32702             2.50000             0.99786            -0.06540             0.00000
             4.98929            -0.32702             2.81250             0.99786            -0.06540             0.00000
             4.98929            -0.32702             3.12500             0.99786            -0.06540             0.00000
             4.98929            -0.32702             3.43750             0.99786            -0.06540            -0.00000
             4.98929            -0.32702             3.75000             0.99786            -0.06540            -0.00000
             4.98929            -0.32702             4.06250             0.99786            -0.06540             0.00000
             4.98929            -0.32702             4.37500             0.99786            -0.06540             0.00000
             4.98929            -0.32702             4.68750             0.99786            -0.06540            -0.00000
             5.00000            -0.00000             0.31250             1.00000            -0.00000             0.00000
             5.00000            -0.00000             0.62500             1.00000            -0.00000             0.00000
             5.00000            -0.00000             0.93750             1.00000            -0.00000             0.00000
             5.00000            -0.00000             1.25000             1.00000            -0.00000             0.00000
             5.00000            -0.00000             1.56250             1.00000            -0.00000             0.00000
             5.00000            -0.00000             1.87500             1.00000            -0.00000            -0.00000
             5.00000            -0.00000             2.18750             1.00000            -0.00000             0.00000
             5.00000            -0.00000             2.50000             1.00000            -0.00000             0.00000
             5.00000            -0.00000             2.81250             1.00000            -0.00000             0.00000
             5.00000            -0.00000             3.12500             1.00000            -0.00000             0.00000
             5.00000            -0.00000             3.43750             1.00000            -0.00000            -0.00000
             5.00000            -0.00000             3.75000             1.00000            -0.00000            -0.00000
             5.00000            -0.00000             4.06250             1.00000            -0.00000             0.00000
             5.00000            -0.00000             4.37500             1.00000            -0.00000             0.00000
             5.00000            -0.00000             4.68750             1.00000            -0.00000            -0.00000
             4.98929             0.32702             0.31250             0.99786             0.06540            -0.00000
             4.98929             0.32702             0.62500             0.99786             0.06540             0.00000
             4.98929             0.32702             0.93750             0.99786             0.06540             0.00000
             4.98929             0.32702             1.25000             0.99786             0.06540             0.00000
             4.98929             0.32702             1.56250             0.99786             0.06540             0.00000
             4.98929             0.32702             1.87500             0.99786             0.06540             0.00000
             4.98929             0.32702             2.18750             0.99786             0.06540             0.00000
             4.98929             0.32702             2.50000             0.99786             0.06540             0.00000
             4.98929             0.32702             2.81250             0.99786             0.06540             0.00000
             4.98929             0.32702             3.12500             0.99786             0.06540             0.00000
             4.98929             0.32702             3.43750             0.99786             0.06540             0.00000
             4.98929             0.32702             3.75000             0.99786             0.06540             0.00000
             4.98929             0.32702             4.06250             0.99786             0.06540             0.00000
             4.98929             0.32702             4.37500             0.99786             0.06540             0.00000
             4.98929             0.32702             4.68750             0.99786             0.06540             0.00000
             4.95722             0.65263             0.31250             0.99144             0.13053            -0.00000
             4.95722             0.65263             0.62500             0.99144             0.13053             0.00000
             4.95722             0.65263             0.93750             0.99144             0.13053             0.00000
             4.95722             0.65263             1.25000             0.99144             0.13053             0.00000
             4.95722             0.65263             1.56250             0.99144             0.13053             0.00000
             4.95722             0.65263             1.87500             0.99144             0.13053             0.00000
             4.95722             0.65263             2.18750             0.99144             0.13053             0.00000
             4.95722             0.65263             2.50000             0.99144             0.13053             0.00000
             4.95722             0.65263             2.81250             0.99144             0.13053             0.00000
             4.95722             0.65263             3.12500             0.99144             0.13053             0.00000
             4.95722             0.65263             3.43750             0.99144             0.13053             0.00000
             4.95722             0.65263             3.75000             0.99144             0.13053             0.00000
             4.95722             0.65263             4.06250             0.99144             0.13053             0.00000
             4.95722             0.65263             4.37500             0.99144             0.13053             0.00000
             4.95722             0.65263             4.68750             0.99144             0.13053             0.00000
             4.90393             0.97545             0.31250             0.98079             0.19509            -0.00000
             4.90393             0.97545             0.62500             0.98079             0.19509             0.00000
             4.90393             0.97545             0.93750             0.98079             0.19509             0.00000
             4.90393             0.97545             1.25000             0.98079             0.19509             0.00000
             4.90393             0.97545             1.56250             0.98079             0.19509             0.00000
             4.90393             0.97545             1.87500             0.98079             0.19509             0.00000
             4.90393             0.97545             2.18750             0.98079             0.19509             0.00000
             4.90393             0.97545             2.50000             0.98079             0.19509             0.00000
             4.90393             0.97545             2.81250             0.98079             0.19509             0.00000
             4.90393             0.97545             3.12500             0.98079             0.19509             0.00000
             4.90393             0.97545             3.43750             0.98079             0.19509             0.00000
             4.90393             0.97545             3.75000             0.98079             0.19509             0.00000
             4.90393             0.97545             4.06250             0.98079             0.19509             0.00000
             4.90393             0.97545             4.37500             0.98079             0.19509             0.00000
             4.90393             0.97545             4.68750             0.98079             0.19509             0.00000
             4.82963             1.29410             0.31250             0.96593             0.25882            -0.00000
             4.82963             1.29410             0.62500             0.96593             0.25882             0.00000
             4.82963             1.29410             0.93750             0.96593             0.25882             0.00000
             4.82963             1.29410             1.25000             0.96593             0.25882             0.00000
             4.82963             1.29410             1.56250             0.96593             0.25882             0.00000
             4.82963             1.29410             1.87500             0.96593             0.25882             0.00000
             4.82963             1.29410             2.18750             0.96593             0.25882             0.00000
             4.82963             1.29410             2.50000             0.96593             0.25882             0.00000
             4.82963             1.29410             2.81250             0.96593             0.25882             0.00000
             4.82963             1.29410             3.12500             0.96593             0.25882             0.00000
             4.82963             1.29410             3.43750             0.96593             0.25882             0.00000
             4.82963             1.29410             3.75000             0.96593             0.25882             0.00000
             4.82963             1.29410             4.06250             0.96593             0.25882             0.00000
             4.82963             1.29410             4.37500             0.96593             0.25882             0.00000
             4.82963             1.29410             4.68750             0.96593             0.25882             0.00000
             4.73465             1.60720             0.31250             0.94693             0.32144            -0.00000
             4.73465             1.60720             0.62500             0.94693             0.32144             0.00000
             4.73465             1.60720             0.93750             0.94693             0.32144             0.00000
             4.73465             1.60720             1.25000             0.94693             0.32144             0.00000
             4.73465             1.60720             1.56250             0.94693             0.32144             0.00000
             4.73465             1.60720             1.87500             0.94693             0.32144             0.00000
             4.73465             1.60720             2.18750             0.94693             0.32144             0.00000
             4.73465             1.60720             2.50000             0.94693             0.32144             0.00000
             4.73465             1.60720             2.81250             0.94693             0.32144             0.00000
             4.73465             1.60720             3.12500             0.94693             0.32144             0.00000
             4.73465             1.60720             3.43750             0.94693             0.32144             0.00000
             4.73465             1.60720             3.75000             0.94693             0.32144             0.00000
             4.73465             1.60720             4.06250             0.94693             0.32144             0.00000
             4.73465             1.60720             4.37500             0.94693             0.32144             0.00000
             4.73465             1.60720             4.68750             0.94693             0.32144             0.00000
             4.61940             1.91342             0.31250             0.92388             0.38268            -0.00000
             4.61940             1.91342             0.62500             0.92388             0.38268             0.00000
             4.61940             1.91342             0.93750             0.92388             0.38268             0.00000
             4.61940             1.91342             1.25000             0.92388             0.38268            -0.00000
             4.61940             1.91342             1.56250             0.92388             0.38268            -0.00000
             4.61940             1.91342             1.87500             0.92388             0.38268             0.00000
             4.61940             1.91342             2.18750             0.92388             0.38268             0.00000
             4.61940             1.91342             2.50000             0.92388             0.38268             0.00000
             4.61940             1.91342             2.81250             0.92388             0.38268             0.00000
             4.61940             1.91342             3.12500             0.92388             0.38268            -0.00000
             4.61940             1.91342             3.43750             0.92388             0.38268             0.00000
             4.61940             1.91342             3.75000             0.92388             0.38268             0.00000
             4.61940             1.91342             4.06250             0.92388             0.38268             0.00000
             4.61940             1.91342             4.37500             0.92388             0.38268             0.00000
             4.61940             1.91342             4.68750             0.92388             0.38268             0.00000
             4.48436             2.21144             0.31250             0.89687             0.44229            -0.00000
             4.48436             2.21144             0.62500             0.89687             0.44229             0.00000
             4.48436             2.21144             0.93750             0.89687             0.44229             0.00000
             4.48436             2.21144             1.25000             0.89687             0.44229            -0.00000
             4.48436             2.21144             1.56250             0.89687             0.44229             0.00000
             4.48436             2.21144             1.87500             0.89687             0.44229             0.00000
             4.48436             2.21144             2.18750             0.89687             0.44229            -0.00000
             4.48436             2.21144             2.50000             0.89687             0.44229             0.00000
             4.48436             2.21144             2.81250             0.89687             0.44229             0.00000
             4.48436             2.21144             3.12500             0.89687             0.44229            -0.00000
             4.48436             2.21144             3.43750             0.89687             0.44229            -0.00000
             4.48436             2.21144             3.75000             0.89687             0.44229             0.00000
             4.48436             2.21144             4.06250             0.89687             0.44229            -0.00000
             4.48436             2.21144             4.37500             0.89687             0.44229            -0.00000
             4.48436             2.21144             4.68750             0.89687             0.44229             0.00000
!!
!!
!!1st shell: connectivities (1, 2, 3, 4), material sequence (5).
1    3    65   50   1    
3    4    80   65   1    
4    5    95   80   1    
5    6    110  95   1    
6    7    125  110  1    
7    8    140  125  1    
8    9    155  140  1    
9    10   170  155  1    
10   11   185  170  1    
11   12   200  185  1    
12   13   215  200  1    
13   14   230  215  1    
14   15   245  230  1    
15   16   260  245  1    
16   17   275  260  1    
17   2    19   275  1    
50   65   66   51   1    
65   80   81   66   1    
80   95   96   81   1    
95   110  111  96   1    
110  125  126  111  1    
125  140  141  126  1    
140  155  156  141  1    
155  170  171  156  1    
170  185  186  171  1    
185  200  201  186  1    
200  215  216  201  1    
215  230  231  216  1    
230  245  246  231  1    
245  260  261  246  1    
260  275  276  261  1    
275  19   20   276  1    
51   66   67   52   1    
66   81   82   67   1    
81   96   97   82   1    
96   111  112  97   1    
111  126  127  112  1    
126  141  142  127  1    
141  156  157  142  1    
156  171  172  157  1    
171  186  187  172  1    
186  201  202  187  1    
201  216  217  202  1    
216  231  232  217  1    
231  246  247  232  1    
246  261  262  247  1    
261  276  277  262  1    
276  20   21   277  1    
52   67   68   53   1    
67   82   83   68   1    
82   97   98   83   1    
97   112  113  98   1    
112  127  128  113  1    
127  142  143  128  1    
142  157  158  143  1    
157  172  173  158  1    
172  187  188  173  1    
187  202  203  188  1    
202  217  218  203  1    
217  232  233  218  1    
232  247  248  233  1    
247  262  263  248  1    
262  277  278  263  1    
277  21   22   278  1    
53   68   69   54   1    
68   83   84   69   1    
83   98   99   84   1    
98   113  114  99   1    
113  128  129  114  1    
128  143  144  129  1    
143  158  159  144  1    
158  173  174  159  1    
173  188  189  174  1    
188  203  204  189  1    
203  218  219  204  1    
218  233  234  219  1    
233  248  249  234  1    
248  263  264  249  1    
263  278  279  264  1    
278  22   23   279  1    
54   69   70   55   1    
69   84   85   70   1    
84   99   100  85   1    
99   114  115  100  1    
114  129  130  115  1    
129  144  145  130  1    
144  159  160  145  1    
159  174  175  160  1    
174  189  190  175  1    
189  204  205  190  1    
204  219  220  205  1    
219  234  235  220  1    
234  249  250  235  1    
249  264  265  250  1    
264  279  280  265  1    
279  23   24   280  1    
55   70   71   56   1    
70   85   86   71   1    
85   100  101  86   1    
100  115  116  101  1    
115  130  131  116  1    
130  145  146  131  1    
145  160  161  146  1    
160  175  176  161  1    
175  190  191  176  1    
190  205  206  191  1    
205  220  221  206  1    
220  235  236  221  1    
235  250  251  236  1    
250  265  266  251  1    
265  280  281  266  1    
280  24   25   281  1    
56   71   72   57   1    
71   86   87   72   1    
86   101  102  87   1    
101  116  117  102  1    
116  131  132  117  1    
131  146  147  132  1    
146  161  162  147  1    
161  176  177  162  1    
176  191  192  177  1    
191  206  207  192  1    
206  221  222  207  1    
221  236  237  222  1    
236  251  252  237  1    
251  266  267  252  1    
266  281  282  267  1    
281  25   26   282  1    
57   72   73   58   1    
72   87   88   73   1    
87   102  103  88   1    
102  117  118  103  1    
117  132  133  118  1    
132  147  148  133  1    
147  162  163  148  1    
162  177  178  163  1    
177  192  193  178  1    
192  207  208  193  1    
207  222  223  208  1    
222  237  238  223  1    
237  252  253  238  1    
252  267  268  253  1    
267  282  283  268  1    
282  26   27   283  1    
58   73   74   59   1    
73   88   89   74   1    
88   103  104  89   1    
103  118  119  104  1    
118  133  134  119  1    
133  148  149  134  1    
148  163  164  149  1    
163  178  179  164  1    
178  193  194  179  1    
193  208  209  194  1    
208  223  224  209  1    
223  238  239  224  1    
238  253  254  239  1    
253  268  269  254  1    
268  283  284  269  1    
283  27   28   284  1    
59   74   75   60   1    
74   89   90   75   1    
89   104  105  90   1    
104  119  120  105  1    
119  134  135  120  1    
134  149  150  135  1    
149  164  165  150  1    
164  179  180  165  1    
179  194  195  180  1    
194  209  210  195  1    
209  224  225  210  1    
224  239  240  225  1    
239  254  255  240  1    
254  269  270  255  1    
269  284  285  270  1    
284  28   29   285  1    
60   75   76   61   1    
75   90   91   76   1    
90   105  106  91   1    
105  120  121  106  1    
120  135  136  121  1    
135  150  151  136  1    
150  165  166  151  1    
165  180  181  166  1    
180  195  196  181  1    
195  210  211  196  1    
210  225  226  211  1    
225  240  241  226  1    
240  255  256  241  1    
255  270  271  256  1    
270  285  286  271  1    
285  29   30   286  1    
61   76   77   62   1    
76   91   92   77   1    
91   106  107  92   1    
106  121  122  107  1    
121  136  137  122  1    
136  151  152  137  1    
151  166  167  152  1    
166  181  182  167  1    
181  196  197  182  1    
196  211  212  197  1    
211  226  227  212  1    
226  241  242  227  1    
241  256  257  242  1    
256  271  272  257  1    
271  286  287  272  1    
286  30   31   287  1    
62   77   78   63   1    
77   92   93   78   1    
92   107  108  93   1    
107  122  123  108  1    
122  137  138  123  1    
137  152  153  138  1    
152  167  168  153  1    
167  182  183  168  1    
182  197  198  183  1    
197  212  213  198  1    
212  227  228  213  1    
227  242  243  228  1    
242  257  258  243  1    
257  272  273  258  1    
272  287  288  273  1    
287  31   32   288  1    
63   78   79   64   1    
78   93   94   79   1    
93   108  109  94   1    
108  123  124  109  1    
123  138  139  124  1    
138  153  154  139  1    
153  168  169  154  1    
168  183  184  169  1    
183  198  199  184  1    
198  213  214  199  1    
213  228  229  214  1    
228  243  244  229  1    
243  258  259  244  1    
258  273  274  259  1    
273  288  289  274  1    
288  32   33   289  1    
64   79   35   34   1    
79   94   36   35   1    
94   109  37   36   1    
109  124  38   37   1    
124  139  39   38   1    
139  154  40   39   1    
154  169  41   40   1    
169  184  42   41   1    
184  199  43   42   1    
199  214  44   43   1    
214  229  45   44   1    
229  244  46   45   1    
244  259  47   46   1    
259  274  48   47   1    
274  289  49   48   1    
289  33   18   49   1    
!!
!!
!!2st material property (CFK): row 1, E1 (1), E2 (2), E3 (3), G23 (4), G13 (5), G12 (6), nu23 (7), nu13 (8), nu12 (9), row 2, rho (10),row3, alpha_v, alpha_s (12).
   1.4d+11 1.4d+11 1.4d+11    5.8d+09 5.8d+09  5.8d+09          0.00d0     0.00d0     0.00d0
          3500.00000
             0.00000             0.00000
!!
!!
!! layer property 1: row 1, number of layers (1), row 2: material(2..number of layers+1), row 3: thickness (number of layers+2:2*number of layers+1), row 4: angle in degrees (2*number of layers+2:3*number of layers+1).
             1
             1.00000
             0.1000
             0.00000
