!! 
!! 
!! number of surfaces (1):
1 
!! 
!! 
!! !! surface: number of nodes (1), number of rings (2), number of nodes along first dimension (3), and number of nodes along second direction (4). 
25 16 5 5 
!! 
!! 
!! surface node coordinates: nodal phi (1, 2, 3). 
   0.000000000000000d0    0.000000000000000d0    0.000000000000000d0 
   1.000000000000000d0    0.000000000000000d0    0.000000000000000d0 
   2.000000000000000d0    0.000000000000000d0    0.000000000000000d0 
   3.000000000000000d0    0.000000000000000d0    0.000000000000000d0 
   4.000000000000000d0    0.000000000000000d0    0.000000000000000d0 
   0.000000000000000d0    1.000000000000000d0    0.000000000000000d0 
   1.000000000000000d0    1.000000000000000d0    0.000000000000000d0 
   2.000000000000000d0    1.000000000000000d0    0.000000000000000d0 
   3.000000000000000d0    1.000000000000000d0    0.000000000000000d0 
   4.000000000000000d0    1.000000000000000d0    0.000000000000000d0 
   0.000000000000000d0    2.000000000000000d0    0.000000000000000d0 
   1.000000000000000d0    2.000000000000000d0    0.000000000000000d0 
   2.000000000000000d0    2.000000000000000d0    0.000000000000000d0 
   3.000000000000000d0    2.000000000000000d0    0.000000000000000d0 
   4.000000000000000d0    2.000000000000000d0    0.000000000000000d0 
   0.000000000000000d0    3.000000000000000d0    0.000000000000000d0 
   1.000000000000000d0    3.000000000000000d0    0.000000000000000d0 
   2.000000000000000d0    3.000000000000000d0    0.000000000000000d0 
   3.000000000000000d0    3.000000000000000d0    0.000000000000000d0 
   4.000000000000000d0    3.000000000000000d0    0.000000000000000d0 
   0.000000000000000d0    4.000000000000000d0    0.000000000000000d0 
   1.000000000000000d0    4.000000000000000d0    0.000000000000000d0 
   2.000000000000000d0    4.000000000000000d0    0.000000000000000d0 
   3.000000000000000d0    4.000000000000000d0    0.000000000000000d0 
   4.000000000000000d0    4.000000000000000d0    0.000000000000000d0 
!! 
!! 
!! surface: connectivities (1, 2, 3, 4). 
7 6 1 2 
8 7 2 3 
9 8 3 4 
10 9 4 5 
12 11 6 7 
13 12 7 8 
14 13 8 9 
15 14 9 10 
17 16 11 12 
18 17 12 13 
19 18 13 14 
20 19 14 15 
22 21 16 17 
23 22 17 18 
24 23 18 19 
25 24 19 20 
