!!
!!
!!number of constraints for nodes with 6 coordinates.
10
!!
!!
!!constraints for nodes with 6 coordinates: sort (1), nodes (2, 3), phi1 (4, 5, 6), phi2 (7, 8, 9), normal (10, 11, 12).
sphericalsupport 1    0             0.00000             0.00000             0.00000             0.00000             0.00000             0.00000             0.00000             0.00000             0.00000
sphericalsupport 6    0             0.00000             0.00000             0.00000             0.00000             0.00000             0.00000             0.00000             0.00000             0.00000
revolutejoint 	2	5		   	   0.00000             0.00000             0.00000             0.00000             0.00000             0.00000             0.00000             0.00000             0.00000
revolutejoint 	3	8		   	   0.00000             0.00000             0.00000             0.00000             0.00000             0.00000             0.00000             0.00000             0.00000
simplesupport	2	0	0.00	0.00	0.00	0.00	0.00	0.00	0.00	0.00	1.00
simplesupport	3	0	0.00	0.00	0.00	0.00	0.00	0.00	0.00	0.00	1.00
simplesupport	4	0	0.00	0.00	0.00	0.00	0.00	0.00	0.00	0.00	1.00
simplesupport	7	0	0.00	0.00	0.00	0.00	0.00	0.00	0.00	0.00	1.00
simplesupport	9	0	0.00	0.00	0.00	0.00	0.00	0.00	0.00	0.00	1.00
simplesupport	10	0	0.00	0.00	0.00	0.00	0.00	0.00	0.00	0.00	1.00
